159 338
8 197 479 1307 1875 2227 2298 2418 2470 2669 2734
430 652 828 1076 1170 2124 2598
1 145 203 256 574 898 899 900 901 902 903 904 905 906 907
49 646 667
118 158 272 279 365 558 632 648 661 839 1230 1254 2375 2742
349 409 974
14 2113 2440
192 518 979 1023 1306 1883 1884 1885
487 668 1313 1649
167 183 491 530 925 1121 1433 1481 1649 1659 2314 2616 2617
89 267 274 926 1531 2189
87 115 150 884 1136 1328 1374 1541
6 7 205 281 379 496 509 1664
106 233 246 676 2142 2492
4 175 605 1010 1296
233 234 1290 1749 2337
187 381 433 697 834 1004 1014 1054 1286 1351 1420 1985 2020 2126 2127 2128
353 538 662 793 1543 1850
109 186 695 843
193 257 370 371 379 443 508 652 1182 1197 1198 1199
50 336 412 488 607 627 669 789 805 841 868 1050 2275 2582
26 70 482 653 657 809 910 1084 2030
174 176 177 178 179
66 514 593 963 1012 1136 1232 1341 1700 2587 2623 2626 2654
287 446
30 868 1257 1596 1916
150 231 246 303 426 676 742 1143 1307 1333 1378 1503 1504 1505 1506 1507 1508 1509 1510 1511 1512 1513
140 142 153 154 155 156 157 158 159 160 161 162 163 164 165 166 167 168 169 170 171 172 173 174 175
1 145 197 315 349 538 870 904 1180 1660 1661 1662 1663 1664 1665 1666
487 674 726 969 1174 1635 1787 1834 1835
88 99 1743 1830 2006 2069 2070
132 345 557 567 725 774 893 1084 1123 1605 1843 1859 2042 2114 2375 2376 2377
379 781 851 2378 2379
287 682 778 1936 2519
70 330 405 406 407 408 409
645 668 786 887 1868
68 109 110 111 112 113 114 115 116 117 118 119 120 121 122
204 1439 2480 2596
44 66 421 741 1467 2360 2792
790 2145
149 395 1236 2294
84 671 672
0 105 147 187 227 277 300 319 357 851 858 1225 1369 2221 2259
788 1620
164 304 346 806 846 854 1163 1383 1625 1714 1785 2263 2791
351 375 1330 1595
424 800 863 1285 1463 2785
16 1343 2215
638 1012 1247 1282 1591 2039 2537
128 248 809 956 995 1064 1160 1185 1582 2363 2817 2818 2819 2820
669 1525
574 2859
345 349 874 2438
264 868 895 2409 2633
342 570
35 227 267 456 676 860 1110 1192 1462 1463 1464
110 1146 2344 2732
245 413 1141 1352 1353 1354
246 745 1143 1688 2021
13 275 300 475 582 924 1374 1889
709 1043 1055 1067 1439 2398
95 122 139 387 496 583 653 819 820 821 822 823 824 825 826 827 828 829 830 831 832 833 834 835
410 482 618 792 965 1229 1806
99 175 365 395 643 676 704 757 792 804 984 1217 1568 1666 1677 1904 1955 2095 2202 2587
1714 1897 2472 2567 2587
30 487 515 599 604 830 868 1592 1705
54 64 207 356 439 560 854 974 1458 1750 1804 2293
1068 2125
634 1634 2542
187 225 406 614 627 657 742 990 1117 1337 1486
130 668 871 872 873 874
89 365 573 594 1234 2022
264 760 1774 1954 1955 1956
631 1421 2008
76 347 509 846 1231 1407
39 43 1158 2498
64 614 706 927 2373
219 247 336 343 615 719 720 721 722 723 724 725
16 64 333 365 589 679 709 904 1437
18 411 697 1817
247 1356 2262 2715
3 251 488 571 788 2263 2392
77 514 742
932 1334 1350 1488 2256
27 80
175 515 516 517 518 519 520 521 522 523 524 525 526 527
2183 2184
140 142 345 388 1209 1210 1211
967 2370
243 1136 2068
95 657 802 1229 1230 1231 1232
544 1133 2565
164 315 1165 1397 1990 2113 2419 2479 2519 2533 2646 2649 2722 2764 2788 2789
736 1382
4 104 395 486 611 1303 1850 2197
95 148 315 316 926 1086
2005 2006
246 465 603 754 805 2432
573 2423 2834
367 1570
35 172 189 194 195 251 349 370 421 736 887 1408 1409 1410 1411 1412 1413 1414 1415 1416 1417
45 407 581
14 70 582 657 675 845 1187 1536 1686
349 2620
63 66 142 172 845 886 1164 1357 1545 1699 2573
50 54 64 75 158 182 337 443 508 509 510 511 512 513 514
7 27 180 187 703 1424 1460 2235 2438
1192 1568 1957 1958
906 1453 1665 2611
77 84 175 365 527 902 1005 1006 1007 1008 1009 1010 1011
332 607 786 910 2143 2155 2156 2157
63 197 668 825 1224 2709
574 720 1180 1308
64 279 308 309 310 311 312 313 314 315 316 317 318 319 320 321
136 1593 1889
1175 1539
427 858 1014 1152 1259 1356 2103
98 2835 2836
225 809 826 1866
12 72 191 237 323 406 411 544 569 588 627 712 772 805 859 1067 1259 1385 1434 1784 1843 2437
821 906 1280 1791 1834
148 387 585 1446 1500 1507 2608 2742 2743 2744 2745
355 396 487 508 577 670 733 745 886 1353 1736 1796 2187 2188 2189 2190
200 608
15 286 666 1303 2084 2592 2694
128 481 1441 2061 2480
530 1776 1777
1139 1226 1440 1640 1641 1642 1643 1644 1645 1646 1647
26 1222 1386 1495
13 790 846 1620 1819 2148 2167
118 149 533 831 881 1601 2098 2132 2144
227 290 1565 1972
925 1196 1389
243 349 478 668 838 1628 1629
180 189 346 374 441 637 754 963 1233 1525 1989
488 1488
158 191 263 387 2607 2666
30 42 63 75 95 104 187 194 210 304 318 343 394 444 461 509 617 618 657 659 664 695 721 779 780 781 782 783 784 785 786 787 788 789 790 791 792 793 794 795 796 797 798 799 800 801 802 803 804 805 806 807
136 533 774 1064 1643
2163 2518
190 845 849 1158 1901 2149 2293
244 488 705 2855
61 380 2353 2354
79 86 1007
184 225 359 514 788 790 860 923 924 925 926 927 928 929
8 32 344 574 664 665 666 667 668 669 670
66 449 775 787 888 1305 1457 1595 1775 1933 1942 1943 1944 1945 1946 1947
368 1641 2085
143 144 145 146 147
328 383 405 1272 1371 1941 2058 2388 2482
621 2415
188 189 237 266 557 695 699 758 763 849 986 1067 1225 1333 1345 1436 1605 1843 1932 2205 2298
72 721 1110 1219 2096 2097
77 684 693 1043 2813
72 458 478 522 657 693 816 1151 1971
77 164 203 312 365 487 742 743 744 745 746 747 748 749 750 751
214 215 216 217 218 219 220 221 222 223 224
332 925 1106 1140 1146 1229 1320 1905 2133 2143 2144
646 1268 1598 1787 2135 2610
205 361 479 496 786 805 860 864 1012 1013
176 1280 1501 1882 2297 2540 2541
85 395 1504 1787
10 229 285 385 544 697 736 790 1686 2210
202 360 422 665 841 1410 1913 2603
84 345 415 479 763 857 1012 1330 1439 1811 1827 2315 2316 2317
256 1254 1732 2182
254 275 441 754 800 852 1011 1120 1225 1275 1276 1277 1278 1279
240 830 1100
236 676 1535 1897 2744
276 363 407 444 505 749 865 1121 1315 1658
479 1391 1418 1458 1566 2045 2330
285 460 871 1474 2033 2386 2393 2456 2457
620 2197 2601
910 973 2491
281 709 1220
54 1136 1271 1501
132 213 274 349 399 413 604 868 874 1036 1182 1740 2383 2477 2603 2782
70 241 745
227 233 348 1903 2202
1741 2863
155 187 469 809 824 1663 1952 1953
175 251 276 514 1924 2347
372 488 775 846 1264 1415 1497 1783 2552 2573 2580 2581
0 132 859 2650
345 627 1134 1163 1164 1165 1166 1167
12 173 174 212 457 826 896 1182 1187 1262 1366 1609 1698 2322 2361 2534 2535 2536
251 399 801 827 1343 1346 1347 1348 1349 1350 1351
363 621 1023 1144 1341 1778
345 346 672 1284 1414 2404 2405
847 2017 2326
530 1036 1286 1615 2669
24 183
337 352 1120 1205 1436 2263
77 95 310 311 318 648 687 1037 1176 1275 1277 1771 1878 1898 1918 2435 2593 2594
697 1737 2082
63 482 593 698 717
182 386 593 860 1020 1107 1320 1389 1390
409 2624
95 785 868 2125 2224
540 629 1499 1502 1667 1668 1669 1670 1671 1672 1673
256 348 631 1069 2565
189 514 1357 1728 1950 1971
251 474 1507 1754 2276 2339 2340 2341
127 1789 2578
319 510 716 1163 1185 1276 1489 1700 1947 2701
0 27 42 66 75 83 115 201 205 305 616 657 661 748 786 798 845 868 880 1008 1089 1117 1187 1486 1517 1981
441 637 1057 1347
411 493 534 744 788 842 884 2426
2561 2562
104 121 243 601 794 1737 1767 2404 2578
70 256 513 2350
343 1231
79 272 677 1275 1299 1917 1996 2242 2243
2191 2192
751 990 1891
213 227 290 547 577 578 579 580 581 582 583 584
191 210 281 806 1002 1301 1303 1328 1364
240 443 621 643 762 1056 1076 1351 2108 2189 2223 2390 2538
0 1 2 3 4
318 397 446 684 685 686 687 688 689 690 691 692 693 694
202 429 470 657 697 788 921 1305 1943 2444 2637 2638
281 716
2231 2707 2708
42 303 407 430 679 785 884 956 1088 1480 1501 1508 1876 2559
833 867 1538 1705 2061 2501
212 513 893
172 353 910 1324 1686 1983 2391
75 211 617 1308 1343 2364
365 386
40 1705
1630 1631
75 165 872 924 1012 1404 1756 1916 1917 1918
514 843 1357 1531 2110 2299
448 1005 1214 1502 1612 2293
95 250 595 675 2468
1120 1140 1356
14 42 127 202 790 2821
165 420 509 642 697 790 804 837 1241 1303 1427 1525 1769 2269
998 1268
402 569 591 611 612 849 953 963 1124 1125 1126 1127 1128 1129 1130 1131 1132 1133 1134 1135 1136 1137
70 178 249 373 407 481 1065 1529 1530
407 1058
58 387 754 1168
1258 2275
223 627 1439 1692 2516
75 2639
146 170 499 1057 1084 1182 1192 1551
395 479
1511 2601
64 95 342 358 627 805 860 985 1455
1226 1511
306 544 545 546 547 548 549
140 141 142
243 281 366 508 1590 1722 1836 2101 2244
518 649 703
39 149 168 182 246 329 375 427 511 513 531 539 545 733 923 1151 1432 1493 1925 1983 2404 2546 2547
127 133 274 281 314 319 458 1117 1301 1403 1489 1584 2059 2219 2220 2221
441 990 1275 1300 1621 1645 2479
1282 1850 2403
14 127 191 195 287 458 487 657 697 731 1043 1065 1592 1612 1777 1806 1980 2048 2286 2287
509 578 1087 1182 1986
46 64 247 349 545 895 964 1048 1214 2310 2311 2312
763 1009 1977 2440
63 183 322 386 584 720 821 1232 1327 1361 1371 1783 1979 2442 2632
120 214 467 1594
957 962
50 319 385 792 856 903 1967 1973 2461 2462 2463
374 1024 1025 1026
11 15 101 351 355 391 397 493 517 526 582 636 659 684 691 695 703 704 742 763 876 1046 1090 1091 1092 1093 1094 1095 1096 1097 1098 1099 1100 1101 1102 1103 1104 1105 1106
64 127 191 826 1220 1420 2095
420 657 697 1458 2074
13 127 131 322 342 343 430 754 804 810 923 1010 1021 1140 1317 1395 1458 1769 2030 2485
1494 1671 2227
2029 2541
70 113 191 211 371 395 407 427 490 593 612 695 793 804 997 1367 1506 1692 1828 1858 2043 2044
684 685 693 889 1093 1275 1512 2058
1565 2036
27 275 379 697 1064 1301 2064
4 66 69 95 379 530 562 787 853 1110 1289 1310 1787 1881 1882
68 191 244 390 395 413 488 542 1250 1306 1361 1414 1505 1553 1896 1971 2103 2322 2467 2730 2731
266 674 745
56 847 2851
127 425 788 883 1010 1067 1657 1918
144 1732 2519
401 508 544 675 726 727 728 729 730 731 732 733
2028 2426 2600
64 1325 2228
12 19 172 845 1043 1058 1167 1259 2125
1198 1447 2645
1226 1612 2148
256 1580 1607
481 636 1103 1656 2524
130 418 419 420 421 422 423 424 425 426
240 365 783 1522 1885
15 25 64 427 428 429 430 431 432 433 434 435 436 437
71 323 652 746 988 1451 2249 2578
487 842 843
830 976
59 968 1542 1612 2669
349 1250 1783 2080 2081
95 878 1203 2176
13 685 927
43 64 69 70 71 72 73 74 75 76
394 645 875 1204 1264 1415
47 48 49 50 51 52 53 54 55 56 57 58 59 60 61 62
172 225 910 1311 1818 2276
439 1076 1175 1453 1501 1588 1589 1590 1591 1592
332 934
13 276 316 479 775 926
186 274 668 1078 1269 1355 2007 2008
1133 2134 2135
536 594 962 2356 2357
1536 1635 1706 2483
12 127 251 287 366 509 669 793 1321 1564 1595 1893
64 142
70 802 1150 1231 1307 2092
172 185 240 338 381 1356 1403 1789 2027 2318 2559
614 1818
847 2023 2195 2683 2684
3 8 423 441 923 1140 1396
27 66 669 883 1015 1512 1648 1992 2086 2292
113 524
518 1023 1151 1912 1923 2131 2655
200 346 441 486 582 1179 1371 1424 2161
62 95 137
74 210 346 427 1401 1919 1920
672 675
13 525 539 885 1061 1807
180 433 824 1113 1248 1259 1752 1753 1754 1755
64 1313
110 1021 2744
845 1941 2267 2532
87 93 521 605 606 655 657 877 935 936 937 938 939 940 941 942 943 944 945 946 947 948 949 950 951
57 323 728 925 934 1899 1976 2165
4 99 266 287 612 630 772 836 885 924 1296 1584 1611 1651 1961 2144 2148 2201 2218
66 125 282 297 668 1009 1303 1395 2262
465 470 605 922 1187 1483
7 31 339 372 379 395 400 446 490 593 600 609 669 685 686 831 875 876 877 878 879 880 881 882 883 884 885 886 887 888 889
2 16 149 300 669 792 842 884 1374 1562 1799 2007 2011 2330 2337 2338
95 105 348 453 787 795 1014 1094 1212 1213 1214 1215 1216 1217 1218 1219
274 2286
21 29 95 527 1009 1071 1117 2631
394 1092 2585
194 883
617 883 1273 2517 2853
481 1595
64 95 351 688 1372 2716
605 1524 2480 2481
136 514 519 530 686 786 1061 1396 1458 1644 1950 2719
13 148 377 401 530 573 1174 1774 1810 1811 1812 1813
675 868 1157 1620 2342
1836 2567
290 349 560 672 799 1343 1439
1 788 842 1221 1342 1656 1913 2373
4 20 66 210 630 722 1310 1423 1605 1658 1723 1947
76 157 174 190 194 287 482 483 484 485 486 487 488 489 490 491 492 493
34 55 200 326 375 513 639 659 664 1030 1032 1042 1047 1388 1522 1636 1694 1720 1737 1921 1922 1923 1924 1925 1926 1927
89 158 241 258 275 285 323 408 435 710 716 790 994 1067 1157 1263 1283 1284 1285 1286 1287 1288 1289 1290
25 30 104 138 266 283 433 577 676 698 745 1083 1316 1828 1986 1987 1988 1989 1990 1991
193 1057 1239 2808 2809 2810 2811
169 582 867
63 225 256 445 514 842 925 1151 1169 1434 1470 1601 2058 2098 2132 2329
79 310 315 627 772 790 792 893 1787 2487 2649
68 627 669 2052
95 349 1499 1590 2466
12 28 89 148 186 225 268 281 287 323 325 335 412 492 519 537 637 686 735 838 1220 1223 1252 1286 1299 1300 1301 1302 1303 1304 1305 1306
266 375
15 43 515 956 1169 1336 1543 2067 2622 2660
95 295 668 1275 1308 1659 1856 1994 2531 2659 2713
1217 1445 1446
973 1878 1879 1880
64 124 284 653 697 728 1347 2022 2185 2186
242 1227
110 619 662 790 1837
25 95 1201 2369
34 186 420 530 626 767 823 1061 1062 1120 1485 1848 1874 1875 1876 1877
395 788 1356 1452 1978
94 107 150 298 343 407 654 669 772 797 925 1229 1247 1305 1507 1739 1911 2057 2089 2090 2091 2092
540 1116 1827 2346 2426 2771
1879 2156
836 2147 2332
7 16 64 77 118 165 210 333 357 557 643 844 845 846 847 848 849 850 851 852 853 854 855 856 857 858 859
281 511 716 1911
13 165 674 740 780 1458 2012 2080 2148 2336 2665 2718
926 1187 1224 1708 2402 2635
46 89 291 386 390 412 676 704 822 921 1084 1299 1364 1366 1861 1980 2017 2046 2243 2303 2830 2856 2857
18 128 283 284 322 323 324 325 326 327 328 329 330 331 332 333 334 335 336 337 338 339 340 341
505 870 1027 2000
119 128
20 107 246 577 839 1057 1118 1119 1208 1356 1549 1550 1551 1552 1553 1554 1555
63 351 407 444 820 963 1447 1448 1449 1450
1141 1229 1333
180 191 339 620 1887
88 91 92 93 94 95 96 97 98 99 100 101
1493 1859
883 1433
433 767
868 1160 1226 1227 1228
297 409 1517 1518
236 745 779 2700
202 346 578 651 877 1093 1161 1997 2056 2239 2777 2778
1705 2287 2297
87 274 866 926 1037 1078 1176 1517 1813 2487 2620
1105 1303 2239
88 93 97 398 478 530 686 847 884 1006 1234 1468 1634 2076 2173 2174 2175 2176 2177
287 441 846 851 859 1165 1912 1913 1914
15 63 70 214 304 341 376 380 444 699 796 968 1282 2409 2807
57 140 256 281 351 435 652 1259 1484 1485 1486 1487 1488
169 352 430 508 657
0 13 103 330 423 557 619 1192 1299 1797
662 1826 2363
34 249 287 1117 2017 2318
324 2028 2042 2227 2266
39 66 69 234 328 627 785 868 1140 1247 1438
64 291 325 335 412 589 590 591 592 593 594 595 596 597 598 599 600 601 602 603 604 605 606 607 608 609 610 611 612 613 614 615
246 248 251 426 572 577 681 792 907 1143 1191 1211 1250 1594 1985 2646 2737
182 211 333 349 864 966 989 990 991 992
893 2098 2379 2705
163 166 168 361 403 1424
409 934 1343 1344 1345
668 2609
461 530 743 799 1023 1076 1556 1808 1992 1993 1994
784 1522 2579
64 1705 2039 2596 2597 2598 2599
431 805 2146
1427 1937
518 651 2858
1290 1495
15 164 287 375 869 1006 1059 1303 1338 1339 1340 1341 1342
883 1504 2197 2588
15 46 59 88 138 643 655 715 739 1028 1090 1117 1161 1290 1364 1467 1696 1743 2735 2736
256 657 1076 1106
987 1489 1531 1532 1533 1534
529 1545
64 266 295 409 427 742 1282 1688 2147 2227 2228
406 1317
105 330 365 927
1645 1743 2436 2728
455 614 728 785 1439 2424
85 88 99 172 494 801 1070 1343 1467 1712 1736 1737 1738 1739 1740 1741 1742 1743 1744 1745
55 256 1204 1254 1259 1468 1778 1827
328 1568 1879 2275 2740
148 344 573 622 1151 2580 2699
1004 2595
1708 1709
42 43 44 45 46
42 304 375 508 804 932 1048 1373 1401 1522 1670 1706 1858
1716 2235 2672
13 99 315 365 632 836 1069 2059 2436 2488 2517 2518
893 2009
3 64 95 242 531 577 588 614 617 871 875 957 966 1310 1538 1590 2188 2270 2293 2356 2664 2691 2692 2698 2790
362 570 994 1850 1939 2801
390 710 913 925 934 1069
0 427 617 864 1194 1365 1564 1592
1579 2832
190 1400
57 95 111 126 282 345 433 844 1439 1477 1478
70 128 407 653 902 993 994 995 996 997
177 653 742 779 1202 1688 1879 2066 2098
45 263 420 868 956 1275 1514 2722
377 524 2417 2418 2419
0 22 309 353 926 2588
1 305 453 672 697 705 710 726 1499 1696 1769 1851 2749 2750
0 64 100 203 522 534 775 817 1295 1852 1853 1854
14 343 395 453 573 627 796 974 1303 1317 1419 2030
111 155 180 227 676 755 826 998 1190 1226 1268 1297 1439 1451 1604 1710 1711 1712 1713 1714 1715
89 127 1434 1965 2011 2449
32 33 136 150 497 578 648 1161 1283 1474 1692 1871 1872 1873
429 779 1681 2669 2811
158 565 2311
39 75 172 176 240 349 427 544 788 822 1151 1182 1314 1356 1422 1440 1741 1837 1865 1866
407 428 1866 1975
25 45 46 66 75 125 136 205 256 282 293 513 539 582 601 668 698 786 884 974 1029 1163 1208 1248 1318 1360 1419 1605 1608 1609 1610 1611 1612 1613 1614 1615
1015 1787 2260
272 323 858 1458 2847
167 806 851 1419 2695
95 198 731
214 2624
281 636 1465
187 1981
233 503 530 715 1192 1512 1677
32 186 234 568 612 655 704 778 787 797 798 925 1082 1220 1221 1222 1223 1224 1225
1199 1627 1705
11 391 433 441 618 675 722 745 792 1458 2724
442 781 826 860 1979 2757
420 529
260 285 401 657 1048 1115 1314
246 395 792
68 88 648 848 973
247 420 599 600 1545 1658 1659
7 64 121 141 164 266 322 573 621 632 675 687 698 818 820 827 836 842 884 893 902 974 1020 1068 1195 1213 1343 1365 1425 1452 1472 1521 1656 1657 1671 1819 1865 2035 2046 2361 2362 2363 2364 2365
66 89 266 311 315 332 349 805 842 965 1096 1191 1310 1930
56 2460
246 445 617 934 1271 1324 2165 2424 2640 2641 2642
190 343 620 793 1194 1224 1308 1400 1515 1605 2543 2766
2049 2823
7 103 203 569 654 776 868 1192 1949 2620
75 146 240 628 703 929 982 1798
70 201 287 698 1318 1651 1778
95 212 259
25 311 397 1088 1224 1605 1843
3 64 210 347 383 384 433 442 479 619 638 749 797 805 841 1196 1304 1348 1815 2095 2290 2340
1 871 913 1157 2738
63 343 395 409 413 802 1092 1237 1971 2077 2205 2426
50 349 402 582 637 880 1026 1108 1127 1280 1421 1422 1423 1424
4 24 63 128 191 225 256 287 379 430 582 804 846 868 1275 1302 1848 2043 2084 2102 2103 2104 2105
104 136 331 546 618 912 2314
331 619 697 1236 1263 1841
95 247 408 487 645 668 1035 1597 1719 1792
839 1627
323 410 569 597 734 782 2697
227 1068
901 1303 1451 1452
87 522 538 2673
7 496 840 1472 1473
255 256 257 258
550 551 552 553 554
1028 2409
40 203 386 439 448 474 488 569 570 571 572 573 574 575 576
1091 1101
3 345 557 585 868
0 66 111 293 394 405 586 627 720 796 874 990 1030 1095 1497 1498 1499 1500 1501 1502
274 923 1303 2764 2765
742 2178 2487
60 101 200 226 338 431 638 639 640 641 642 643 644 645 646 647 648 649 650 651 652
64 230 791 1722 1772 1924 2046 2238 2675
1754 2337
528 796
142 409 1089 1180 2061
1632 2760
158 433 441 621
351 728 779 1855 1856
328 1750 1751
27 158 256 497 565 1610
175 246 274 314 966 1487 2344 2815
257 799
395 1100 2029 2471
575 1553 2335
121 307 2049 2869
64 102 103 111 206 209 230 346 675 730 1138 1458 1645 1801 2000 2377 2406
227 922 993 1226 1675 2514 2523 2524 2525 2526
65 1556 1796
764 1340 1685 1941 2149
66 112 171 519 679 944 1339 1340 1402 1439 2010 2011 2145 2249
107 1358
209 427
184 512 584 697 790 1062 1489 1834 1893 2396 2397
303 365
736 790 1571 1686 1740 2570 2571
210 1015 1204 1994
373 729 840 1280 1789
88 643 2198 2199
151 202 503 504 505 506
155 305 313 733 1192 1451 1798 2098
100 672 675 2248 2784
1406 2232 2245
188 265 365 538 693 841 1909 1997 2495
66 251 289 582 1479 1545 1890 1921 2361 2435
1627 2714
64 66 785 841 976 1275 1486 1982 2452
34 211 313 338 362 396 409 420 531 577 593 789 801 1163 1231 1301 1304 1726 2000 2066 2241
127 306 645 1274 1479 2562 2586 2667 2668 2669
1540 1617 1618 2184 2370 2493
1175 1390 2276
645 686
39 64 236 248 574 695 1327 1438 1454 2086 2087
236 1479
274 281 311 349 354 406 427 430 555 582 617 627 657 675 695 742 842 884 1088 1089 1092 1155 1163 1303 1310 1345 1422 1458 2027 2042 2052 2333 2507 2508 2509
657 772 798 1600
207 2643
69 191 351 2185 2250 2802
697 1009 1078 1522 1603 1952 2768 2769 2770
500 509 868 1351 1656 1764 1852 1949
270 668 895 1658 2246 2247
14 663 1136
775 1985 2475
295 1246 1356 1361 1671 1866
420 601 657 732 753 781 1095 1479 1636
139 145 254 354 511 665 1247 1370 1500 1818
27 72 186 1012 1282 1420 1463 1924
25 213 1922 1926
270 281 500 911 983 1311 2214 2528 2671
619 2298 2822
12 88 172 187 307 405 618 1376 1666 1723 1821 1860 2274 2479
1094 1706
138 211 649 790 852 1818 2479 2594
14 75 239 240 244 570 698 965 1058 1158 1176 1219 1410 1453 1454 1455
236 303 702 925 1131 1164 1282 1410 1572 1573
154 1417 2746
123 409 798
20 1275
55 136 508 515 888 972 1056 1143 2235 2333 2414 2415
313 437 527 540 850 1037 1055 1286 1420 1425 1432 1519 1520 1521 1522 1523
304 1121 2497
55 1061 1522
154 1967 2385
237 297
764 1593 1846 2551
1010 1458 2209
592 598 862 1292 2092
100 787 1952 2658 2691
514 657 697 742 1716 1728 2602 2603
127 285 494 535 652 653 701 704 1087 1479 1556 1790 2022 2380
1750 2159
104 164 225 349 406 560 627 1283 1306 1386 1501 2205 2206 2207
722 1088
210 434 2146
118 126 343 636 804 1026 1848 2424
136 149 244 657 1573 1683 1716 1937
420 529 668 862 1407
12 293 535 805 1686 2093 2094
12 24 211 241 486 642 659 681 712 743 750 804 1064 2665
165 256 396 480 531 748 792 1658 1691 1989 2000 2314
1006 1073 2007 2568
7 331 399
57 253 287 1354 1518 1846 1847
115 126 254 555 657 754 788 1088 2426
56 1253 2359 2360
64 1282
582 650 799 1015 1036 2720 2786 2800
15 160 282 283 284 285 286 287
167 534 1391 1392
95 1627
3 42 79 84 89 190 191 193 225 234 309 312 315 338 359 492 496 583 657 668 684 728 776 779 845 968 1110 1197 1200 1201 1202 1203 1204 1205 1206 1207 1208
450 1980
13 146 427 642 652 779 839 1898 2371 2372
167 582 655 695 803 1194 1989 2004 2165 2411 2412
406 570 907 964 1355 1356 1357
194 381 1157 1507 1593 1960 2294 2358 2438
395 853 1421
266 520 577 1078 1519 1694 2314 2494
68 256 338 492 788 905 1029 1271 1515 1778 2037 2442 2605 2698 2761 2762 2763
27 792 1372 1590 1791
243 407 527 675 845 1202 1792 1858 1976 2147 2290
100 530 868 1110 1426 2320 2723
389 390
20 37 64 544 625 908 909 910 911 912
14 1186 2421
64 1067 1185 1275
0 4 124 166 343 394 409 572 768 820 994 1400 1839 1848 2245 2275 2276 2277
323 1343 1416 1719
1322 1925
95 225
183 304 517 785 884 893 990 1592 2191 2240
666 733 802 1304 1396 1462 1651 1708 1817 1952 1995 2269
263 672 788 1345 2386
775 805 990
171 347 582 612 704
58 361
18 25 34 78 256 643 649 697 698 786 790 891 1001 1050 1095 1164 1165 1175 1295 1651 1715 1924 2176 2349 2350
266 338 520 912 1076 1581 1699 1737 2447
246 487 515 638 724 742 771 1007 1343 1427 1437 1479 1683 1971 2393 2395
323 626 729
35 132 179 456 850 1562 1563 1564 1565 1566 1567
313 414 620 803 1389 1479 1487
704 1005
501 722 872 2286 2417 2659
225 349 365 427 492 805 826 1492 1625 1671 1815 1816
335 368 371 917 1218 1490 1491 1492
227 2509
64 522 563 928 1489 2320 2328
13 274 821 1080 2442
48 289 723 741 873 1906 2231 2232 2233
269 286 639 680 1211 2229 2230
923 1250
201 281 321 342 513 670 1140 1313 1396 1493 1683 2290 2311
64 1424 1787 1886 2059
192 341 367 453 676 697 766 790 1029 1205 1313 1368 1369 1370 1371 1372 1373
77 1393
3 131 1259 1336 1356 1589 1695 1696
1805 2868
64 297 365 422 459 519 532 533 534 535 536 537 538 539 540 541 542 543
112 202 214 251 305 350 1375 1556 1557
75 200 381 405 627 913 968 1286 1485 1535 2082 2148 2306 2307
210 381 788 792 1378 1511 1589 1885
7 189 285 287 494 908 1182 1315 1513 1785 2301
51 112 213 317 344 346 349 368 371 509 577 824 860 861 862 863 864 865 866 867 868 869 870
25 95 250 281 451 535 864 1029 1415 1474 1592 1986 2225 2335 2609
637 2168
27 126 430 621 695 1120 1600 1601 1602 1603 1604
40 202 324 336 368 370 376 421 439 441 584 674 747 963 1266 1322 1346 1663 1665 1738 1972 2116 2117 2118 2119 2120 2121 2122 2123 2124
536 1275
91 93 209 540 1799 1800 1801 1802 1803 1804
266 294 508 630 633 1264 1516 1971 2535 2680
342 343 346 355 629 734 735 736 737 738 739 740 741
214 577 701 1143 1193 1198 1199 1228 2085
365 837 859 1050 1225
1023 1571 1711 2010 2029
191 488 2293 2620
409 584 621 1162 1165 1673 1985 2095
44 125 160 210 225 245 483 698 798 1112 1117 1263 1393 1556 1712 1836 2037 2038 2039
14 236 534 583 1206 1656 1716 1832 1917 2435 2487 2488 2489 2490
83 636 655 1401
75 91 517 806 830 884 1402 1526 1634 1635 1636 1637 1638 1639
12 30 34 287 644 1993 1997
266 657 658 659
391 460 939
145 152 256 1027
284 305 373 447 622 761 871 1420 1740 1984 1985 2095 2237
95 511 631 1106 1985
193 643 722 842 951 1009 1087 1095 1608 2450 2451
729 1004 1088 1396 1887 1888
56 66 109 193 296 498 508 582 831 1447 1593 1910
95 225 310 399 715 806 946 1140 2101 2449 2472
1110 1182 2677
162 772 2061
234 363 688 712 1182 1247 1312 1458 1495 1671 2030
375 2097
49 227 667 1662 2309 2503
829 850 1007 1111 1224 1345 1645 1976 1985
617 2413
274 318 1230
344 742 2482 2483
342 2228
686 957 1175 2033 2189 2246 2717
90 172 199 261 374 1009
304 675 1623
822 910
201 295 928 1519 2087 2362 2512 2513
405 642 996
97 259 391 490 1231 1396 2088
346 618 729 996 1251 1583 1710
30 95 285 409 530 567 594 697 790 868 923 1254 1381 1451 1619 1671 1679 1844 2000 2201 2202 2203 2204
297 377 541 638 774 1071 1827 1828
12 194 266 408 475 488 846 1218 1432 1433 1434 1435 1436 1437 1438
62 913 914 915 916 917 918
191 194 1157 1160 1960 1961
414 853 1078 1886 2003 2009 2010 2011
343 394 659 700 1162
14 247
1415 1806
1405 1776
127 890 2347 2640 2642 2803 2804
1110 1112 1471 2320 2450 2498
2000 2295 2394
149 365
77 287 326 607 642 655 690 709 728 956 1071 1080 1102 1473 1692 1732 1733 1734 1735
669 1237 1321 1449 2531
541 1696
433 441 1606 1691
46 75 1106 2459
210 800 1500
70 78 2099 2100 2101
343 487 1859 2635
524 1249
59 66 160 193 539 541 1514 2222 2223 2224
82 634 742 971 1395
1631 2543
444 621 1106 1838 2042
56 2506
494 534 776 777 778
7 193 314 557 727 893 1086 1190 1191
689 1104 1176 1363 1364 1365 1366 1367
182 191 2586
622 742 1409 1437 2392
123 127 159 445 571 675 1159 2109
212 1380 1812 2125 2679
275 1243 1280 1515 1669 1737 1767 2149 2201 2227 2539 2610
16 401 515 607 956 1221 1341 1396 1398 1489 1606 1764 1952 1986 2315 2512 2603 2686
256 295 2116 2654
374 377 386 390 461 2025 2091 2457 2698
213 419 2039 2481 2812
68 77 83 182 246 247 287 309 330 331 527 555 748 859 1299 1507 1787 1795 2062 2063
139 143 144 146 273 326 848 860 870 1169 1330 1580 1581 1582 1583 1584 1585 1586 1587
1873 2258
1110 1112 2092 2320 2321
805 1071 1258
120 245 1494
64 105 180 295 304 330 346 662 720 990 1106 1195 1251 1821 2226
104 470 736 1658 2140 2297 2538 2539
1 4 30 66 74 126 181 242 281 461 557 652 654 808 809 810 811 812 813 814 815 816 817 818
197 508 804 868 1556
1135 1955
115 349
64 89 211 275 282 333 409 625 772 802 1655 1656 1657
7 115 169 188 204 209 352 558 573 795 827 1134 1243 1341 1432 1480 1649 1764 1833 1955 2091 2394 2417 2733
44 60 100 128 129 130 131 132 133
570 1414 1818
293 540 641 759 835 1439 1440 1441 1442 1443
252 315 1120 1148 1420 1480 2584 2585 2586
361 932
77 78 79 80 81 82 83 84 85 86 87 88 89 90
189 205 342 343 344 345 346 347 348 349 350 351 352 353 354 355 356
0 64 155 195 313 531 868 1011 1089 1160 1581 1826 2127 2499
75 195
12 24 94 567 1258 1737 1747
845 1797
1163 2088
290 1406 1577 1627
31 516 535 1075 1149 1467 1730 2751 2752 2753
121 128 234 616 617 618 619 620 621
346 441 680 1590 1992 2309 2606 2607
7 234 445 745 805 868 1181 1202 1384 1703 1890 1891 1892
187 305 509 922 1277 1981 2045
148 343 530 668 787 1062 1490 1835 1897
86 2790
66 279 987 1385 1626 1876
697 790 987 988
589 654 2054 2131 2432
349 1591
164 266 287
1544 1989
231 852 868 2163 2278
87 91 110 350 686 709 724 757 781 848 938 966 1082 1244 1267 1268 1269 1270 1271
70 1092 1626 1769
203 372 838 1507 1769 1821 2514
42 1705 2741
55 200 222 467 585 605 613 1190 2538
30 256 830 1571 1637 2567
156 204 821 1065 1072 1106 1185
2526 2567
382 488
1332 2033 2677
39 255 487 752 1317 1596 1597 1598 1599
354 530 931 970
28 42 66 111 209 564 589 1773 1851 1879 2067 2491 2492
77 99 1083
139 290 717 969 2054 2229
7 184 229 305
118 211 1005 1310 1614
389 1322 1685 2049 2257 2261
95 127 349 366 2195
140 277 1153 1778 2045 2624 2625
1015 1479 1788
202 462 646 727 868 990 1246 1247 1248 1249 1250
98 744 745 798 1084 1085 1086
829 1522
30 42 74 434 603 655 1092 1095 1296 1592 2268
669 1500 1760 2039 2178 2479 2490
61 1291 1690 1789 2353 2780 2781
254 304 1850
0 200 295 391 450 505 514 519 649 843 885 1068 1917 2158
88 848 1351 2197 2491
1171 1640 1678 1679 1680 1681
71 76 321 477 531 997 1555 1757
77 238 395 500 617 645 668 745 865 1251 1310 2165 2591
149 276 634 1023 1879 1917 2434 2435 2436
2145 2592
805 822 893 1290
218 1106
70 99 490 529 686 788 884 1177 1643 1800 2238 2239
98 2050 2122 2321
42 1692
210 213 631 699 830 1870 2325 2326 2327
0 329 511 845
40 370 405 421 430 438 439 440 441 442 443 444 445 446 447 448 449 450 451 452 453
41 187 473 474 475 476 477 478 479 480 481
1212 1263 1763 1885 2502 2644
109 313 1050 1153 1650 1764 1927 2000 2234 2235 2236
33 1468
57 336 631 994 1014 2046 2047 2048
767 1354 1385 2352
901 2305
109 801 1616 1617 1618 1619
287 412 492 1321 1720
0 441 682 1275 1493 1530 2419
514 542 1731 1905 1968 2496
15 71 796
95 193
150 256 2075 2460
838 893 894 895 896 897
815 1489
136 500 636 845 1251 1452 1634 2007 2011 2331 2491
12 13 14 15 16 17 18 19 20 21 22 23 24 25 26 27 28 29 30 31
105 1401 1434 2201
35 131 202 430 578 665 1065 1110 1555 1981 1996 2145
274 420 720 1025 2344 2345 2346 2347
482 1052 1446 2025
698 806 825 1069 1919 2426 2433
12 368 746 1301
651 2407
175 234 1120 1237 1918 2332
365 509 736 1160 1318 1361 1536 1841
142 261 275 451 720 849 852 888 1079 1194 1221 1356 1471 1500 1504 1891 1966 2061 2080 2439 2440 2441
1012 1015 1556 2520
1077 1335
64 204 1043 1803 1948 2145 2257
229 1579
53 180 260 261 262 263 264 265 266 267 268 269 270
430 657
209 360 580 584 781 1371 1985
30 409 1192 2453 2454 2455
767 773 1120 1837 2130 2263
127 456
1989 2709
690 1483 1516 1621
448 1541
252 311 1207
104 160 187 201 343 405 593 599 633 657 697 1272 1738 2098 2169 2426 2427 2428 2429
