1330 2031 2671
1782 2328 1445
418 665 186 1411 358 1912 840 2598
684 1277 686 1201 880 1999 96 886 2000 751
343 1348 2255 2742
657 72 688 461 521 812 1151 1968 480
255 783 1634 1433 721 2128 842 2096 2129 1693 1786 2130 2131 538 1982 269 400 2076 338 1923 2132
348 350 2402 1286 672 1412 2403
63 481 696 602 717
70 83 2097 2098 2099
622 192 649
2450 1947
273 1420 127 647 1997 477
1817 188 43
404 1692 743 305 756 208 1968 1969
153 586 1257 32 442 2354 1841
782 405 1284 516 687 880 1999 442 1974 2645
271 1447 2257 675
676 1038 2003 117
779 1212 531 1109 842 75 717
42 295 238 862 847 346 1348 2271 1658 486 756 1701 2282 2283 1516 2284
657 508 433 170 352
323 440 392 486 756 165 315 277 2261
69 70 71 72 73 65 44 74 75 76
123 153 70 653 776 779 1084 374 785 1580 327 1817 188 1588 1975 930 1259 1230 559 1976 298 1977 1003 1978 286 1943 1979 1980
1434 1043 193 852 195 1150 1509 211 2030
104 791 1848 852 2272 2276 1938 1742
254 589 238 32 189 473 2115 1695 36 2553 2056 1855 1271 2554 2555
148 528 1810 15 1811 396 1812 382 573 1813 1172 1775
392 791 1452 1356 1978
1247 926
577 92
1300 92 896
576 407 1203 474 646
255 1829 2525 1274
128 183 879 736 1355 99 1907 1908 211 88
618 2411
304 1122 2494
653 1175 1420 3 1609 1017 1304
482 346 1859 2630
1005 392 1420 596 852 209
860 1738 489
742 543 754 1668 2220 256 852 1171 1088 2658 1135 2659
495 1164 2336 945 2001 2789
633 1385
109 176 779 404 1307 92 556 2223 792 959 230 1107 1010 2644 2645 2646 2574 2057 1925 1841 1518 1117
1319 165 909 1982 2389 1688 354
102 111 674 65 105 226 728 1800 1142 1458 190 191 350 1997 1647 2405 2374
15 329 1231 277 317
485 1488
57 850 2840
1192 406 18 2024 852 853 244 299 1424 805
156 756 2059
390 688 1100 944 39 88
808 264 275 1318 908 1068 662
65 1191 571 2401
63 180 622 623 624 625 626 578 627 486 628 629 630 631 632 633 634 635 636 637
409 791 880 842 488 535 747 2424
123 406 787
77 1393
1542 1609 966 2661 62
664 639 1635 51 1520 1040 376 192 1737 1384 1047 1693 1050 658 37 1721 335 1920 1067 1921 1922 513 1923 1924 1925 1926
1163 1489 1276 1700 709 315 2695 512 1181 1945
402 168 359 1423 173 175
111 1844 1139 642 691
934 1343 406 1344 1345
2352 58 2353 384
0 130 852 2641
528 428 1695 114 332 2321 2266 2322 1691 2030 2323
201 1380 1812 2672 2124
140 372 348 1209 141 1210 1211
1333 1078
955 1630 226 158 22 24 1682 1683
578 863 170
522 117
366 676 780 1029 1368 185 698 757 442 1204 1313 1369 1370 1371 337 1372 1373
1028 698 1857 1525
1568 825 1165 1569 1570 1571
734 288 1405 1776 2230 208
788 1248 1371
1705 2059 863 828 1539 2498
1520 795 2575
49 1497 1129 1269
110 2343 1147 2725
0 682 440 1275 1493 2417 1530
103 135 908 619 331 546 2313
309 849 318 209
1394 999 1887 730 1087 1888
161 1252 362 275 2373 560 839 116 644 1231 278 662 636 2736
875 1353 1852 587 2600 170 965 1113 1121
368 2256 2093 1389
528 1451 1490 158 1170 698 487 199 812 2200 1068 2393
180 6 14 187 702 2435 1423 1460 2235
12 321 1276 81 1844 186 2 926 598 172 1625 1152 800 565
343 1247 1783 2078 2079
180 720 1251 65 304 990 1095 106 350 330 293 663 1196 1823 2225
231 1955
14 792 1591 1369 1792
92 2645 1876
961 1145
734 324 569 798 411 612 2691
440 428 1606 1685
779 1124 72 955 674 92 1298
72 2600 796
1742 2852
2133 1134 2134
1564 231 289 1970
862 1915 23 1262 1597
149 1330 243 1894 1895 178
1014 1556 1012 2517
128 321 322 323 324 325 326 327 328 329 283 330 26 331 332 333 334 335 284 336 337 338 339 340
1708 924 1187 1222 2400 2630
12 822 1608 895 1178 460 2530 1187 201 2321 171 1263 174 2360 2531 1367 1698 2532
1753 2337
255 344 625 1039 2561
391 1275 303 686 688 1097 1374
482 842 843
507 1389 1009
325 1620 1759 1678 115 1370 2768 714
343 120
674 672
302 440 111 65 1281 2144 792 2184 744 1389 839 1179 2168 1590 873 841 2117 2372 1181 385 1592 1357 1153 897
50 599 1402 1812 1134
775 1981 2472
63 666 821 196 1222 2703
362 688 204 840 1908 268 1995 2492 541
1014 578 1054 649 802 2778 2713 2793
661 18 1129
657 781 92 1229 1230 1231 1232
53 792 1971 377 315 1965 854 905 2458 2459 2460
12 845 1032 1257 17 165 1166 1056 2124
1572 618 2546 2522 511 2655 2656
926 1248
42 1705 2735
1005 1296 2 595 164
109 110 111 112 113 114 115 116 117 118 67 119 120 121 122
780 226 308 755 896 2427 277 1064 767 801 1892 2410 2428
1627 466 1421 2058 2841
568 720 1179 1310
589 368 2223 1805 1845 839 2224 202
871 455 1465 862 896 1466 489 1467
875 877 2269 1719 2037 178 2270
2223 2271 1096 544 350 35 645 2272 2273 1271 40 1336
302 641 125 1479 1273 2582 2661 2662 2558 2663
64 1014 877 14 667 2084 1649 1505 1990 2292
12 144 623 1283 65 92 862 998 721 362 2294 999 698 2295 746 1165 796 1055 536 511 866 1151 1881 609 2296 859 120 1672 1081 499 2156
82 1829 2004 100 2067 1744 2068
373 788 855 2376 2377
1163 1032 116 1425
493 653 701 125 703 1556 1791 1479 645 1088 536 285 2021 2378
271 92 1520 1717
104 236 577 1549 19 839 1119 1206 1550 1062 1551 1552 1121 1356 1553 1554 1555
2048 97 2320 2120
1453 1563 1848 942 488 852 1412 489 1849 1850 1851
49 35 379 911 2696
780 696 755 43 808 298 1974 2110 1133
2145 432 197
392 389 412 1896 1247 189 2101 485 534 1412 2321 1361 1303 67 247 1552 1509 1968 2465 2723 2724
189 730
847 1348 191 891 166 2254
871 876 1343 878 409 684 642 1782 880 192 2371 1423 2042 1920 2668 2117 39 1899 2360 2381 2669
2288 530
150 53 162 1063 208 1245
302 543 544 545 546 547 548
1032 590 618 2072 23 1392 469 1444 132
404 845 674 515 1858 2146 1974 246 1205 2289 1793
42 589 64 111 16 191 2065 1879 562 2488 2489 1850 1774
2114 471
1620 791
343 956 65 1036 240 896 1214 45 545 2309 2310 2311
1239 2649
1226 1428 1429 798 1430 1431
674 1667 1918 169 1825 2720
128 1037 239 1582 809 1158 963 2359 1181 2810 997 2811 2812 2813
952 281 2047 2048 2049
110 1015 2738
213 468 1594 122
49 782 531 1924 897
576 48 860 861 367 343 577 112 507 862 368 349 350 863 864 865 830 319 866 867 868 869 870
836 1542 1376 1085 2081 926 909 856
12 1432 1433 1434 1435 485 408 266 194 853 1436 477 1437 1438 1219
665 1033 186 2144 33 1109 433 1977 580 1994 132 1555
667 1320 1234 2528 1450
752 1255 235 343 1256 1257 587 240 1109 1258 1259 1260 1000 1261 1262 1263 1264 1265 1266 715
91 92 82 93 94 95 96 97 98 99 100 101
148 622 349 1151 573 2576 2693
426 191
70 745 250
507 696 15 239 529 2312 1334 1819 1976
237 1495 122
42 63 103 657 664 695 779 780 781 782 783 784 785 786 92 507 458 787 187 721 788 346 789 790 304 791 792 618 75 619 793 23 794 398 194 795 197 658 796 317 797 798 799 447 800 801 802 803 804 805 806 807
367 2083 1642
844 374 784 495
70 426 695 404 392 183 1692 1858 368 2041 1363 189 486 794 598 602 117 2042 1508 800 996 1828
780 2144
63 877 235 1824 721 790 1685 94 2071 2072 745 677 560 330 1384 169 852 170 2073 2074 1121 2075 2076 2062 1183 750 355 2077
224 616 1283 1030 1504 508 761 1057 2441
1705 36
1317 135 191 771 1909
601 603
1697 1698
482 1382 82 686 689 1579 2433 2831
1975 452
404 43 584
114 2249 332
514 1212 785 1484 790 113 1109 999 698 723 1209 165 1610 195 678 38 2209 1340 800 423 609 2210 1735 2211 40 2212
1127 2038 263
709 196 573
1606 933
12 64 2748 1769 2581
109 695 193 843
1689 1861
836 309 15 1039 362 2055 100 2433 2485 2514 636 2515
63 128 224 373 255 1275 281 862 2041 189 2 1848 20 578 2101 433 853 2102 2082 800 2103 1305 2104
406 1157 2093 620 579 1165 1981 1673
63 213 70 785 1281 304 22 966 2407 447 384 385 337 700 2801
155 309 2674 1165 1397 2758 2476 2112 2639 2516 2417 2642 2780 1989 2781 2715
64 343 784 80 309 329 1929 842 1190 266 314 965 1309 1103
585 862 1 556 348
720 781 1220 409 577 65 75 1474
657 482 1033 281 18 1975 125 189 1589 1609 698 461 195 2285 731 1056 1777 1807 2044 2286
271 942 1857 474 1436 2621 2622 2623
321 493 776 1275 80 188 729 994 703 1170 1202 759 737 762 1884 2379 966 2275 814 1417 2502
514 135 51 1140 2412 508 883 2413 968 2335 2235 1080
913 1535 281 1193 1233 1558 1559 735 873 1560 1561
871 934 374 937 1580 239 187 1042 2391 1421 36 277 588 2291 724 2001 2392 1441
1339 1462 1252 1111 839 331 829 1086 1152 1403 1647 741 1814
404 507 282 2466 2501 1017 196 2625 537 539 2741
344 360 1253 448
428 1419 824 187 1284 1348 999 698 1017 2125 378 1981 2126 2020 1066 2127
1084 903
75 22
623 1363 2025 1424
893 15 1248
236 1928 747
973 1429 798 1413 2787
0 781 1790 1649 903 2001 1328
1299 2237 1106
157 2383 1965
1226 1609 2148
255 428 1317 1157 1564 474 116 335 1356 856 1510 933
666 346 534 1556 2413 2499
255 151 2072 2457
140 255 50 1484 345 1257 273 1485 1486 645 1487 1488 434
781 303 92 847 791 169 1427
390 454 939
2453 569 2044
493 1343 782 1035 1736 82 165 1737 1738 100 1739 1740 1741 1712 1742 1467 1743 1744 89 1745
742 1275 666 1251 1034 430 1800 304 990 362 487 1333 1718 672 1936 1222 1441 2299 2300
645 2802
438 49 65 507 161 188 53 75 508 509 510 334 511 512 513
1175 1540
780 1620 15 2166 1820 853 2148
2026 2537
791 67
263 163 949
2404 646
1736 81 755 662 1876
109 2199 201 1151 2310
103 1307 1194 412 32 1588 1684 697 1685 737 1686 1687 968 888 1688 1481 1689 1690 1691
1453 1664 907 2607
1807 1416
42 255 65 556 125 722 1609 575
288 64 235 1546 578 1479 2432 1920 2360 1892
341 373 1699
775 289
1317 405
42 408 599
366 322 543 324 326 701 702 407 703 377 299 704
65 226 1719 2668 1921 2238 1773 2045 804
666 641 790 881 1868
1275 65 1042 1181
623 846 1824 1495 1825 423 1670 1440 1826
77 78 79 80 81 82 83 84 85 86 87 88 89 90
783 1898
347 2383
2144 1596 2690 1666
71 654 64 182 273 458 556 808 2 126 809 3 23 810 645 811 812 245 813 814 815 816 817 818
482 623 428 1275 328 1339 82 368 43 516 703 842 1785 408 744 1716 116 1786 944 988 1438 771 1787
877 618 1274 2515 2842
657 192 196
65 1546 599 509 1063 573 1065 656 513
1108 1109 2319 2087 2320
779 419 696 508
674 1620 862 1159 2341
2564 449
657 871 152 15 1108 790 125 1109 1110 698 1111 23 1112 58 1113 841 1114 1115 1116 1117
495 1650 2466 24 266 1621 2497 2476 2463 1228
181 568 144 898 255 899 900 3 901 902 903 904 905 906 907
845 1797
1870 1504 642 207
92 821 186 1520 703 594 2437 193 127 2240 712 1900 812 1321 1065 2307 2309 2127 2053 2475
0 1192 105 617 15 556 1301 330 423 1797
78 1343 343 240 407 2203 535 599 764 2342 1783 1357
1790 2 2276 2729
366 367 186 368 369 370
189 163 1150 511
641 721 1347 792 2384 424
0 356 274 187 848 1221 106 315 298 146 2258 231 855 1372 2219
1139 1209 2285
1299 273 789 189 1302 1365 197 1003 1328
1014 1786 2259
1786 1792
1546 530
871 528 325 152 822 667 273 824 1543 1157 33 114 1609 312 192 759 350 1159 509 1053 633 511 1151 840 778 385 449 1236 1416 1970
368 1680 2834
65 1142 1919 1505 1002 1235 120
2190 2191
430 1889
224 780 860 923 791 924 357 925 926 509 202 927 928 929
189 485 2615 2291
392 847 1422
63 392 784 1790 862 755 311 809 358 1242 37 1982
657 419 1458 698 2073
70 616 49 876 1014 684 754 1015 998 43 1016 896 578 1017 331 521 1018 1019 353 1020 525 1021 1022 1023
75 195
1695 539
695 2585
2418 2371 1966 2719 2013
92 411 1078
259 657 1036 396 285 1314 1117
626 346 1848 126 116 800 1025 2422
522 1250
1275 1283 455 1194 1973 2115 1865 2249 1248 2116 2250 67 248 2251 2252 2253
65 1281
0 124 820 1400 406 346 2 2244 1848 2274 995 398 2275 173 2276 769 1839 575
406 2059 1179 141 1089
224 1317 785 1542 281 184 310 896 1917 433 1007 1151 2254 750 280
726 235 14 840 1356 2149
12 148 224 322 1299 324 1300 281 326 80 16 273 1284 1301 516 1302 687 484 193 410 1303 634 739 1253 1223 269 838 1224 540 1304 1305 1306
14 87
1193 923 1389
440 236 1233 696 412 34 1234 1235 1236 1237
531 1667 1668 628 1669 1501 1502 1670 1671 1672 1673
374 625 2177 263 1244 2178 564 2179 1780 2180
653 404 454 94 1087 359 199 1088 1089
825 23 733 513
2469 2563 2583 1898 1715
235 236 577 899 239 1247 1140 792 1209 1190 678 1981 422 1594 2639 575 2730
361 995 570 1849 1939 2794
676 677 678 679 680 681
457 592 729 1439 793 2422
1489 65 558 2319 925 521 2327
1090 1805 2287
875 1139
77 666 1251 392 494 641 618 745 2587 1309 248 2164 868
213 235 1375 112 186 347 305 1556 1557
789 1420 169 2689 855
439 274 702 1504 2016 2017 2018 2019 2020 2021 1771 88 2022 980 2023
877 2196 1504 2584
356 357 358 359 360
1627 839
1092 1363 1364 1365 1176 1366 1367 693
6 535
780 558 646 1900 799 1638 2713 2061
1175 2324
103 1767 1737 2402 115 246 604 2574 803
12 93 1258 20 1737 566 1748
653 860 1572 1318 2501 2050 1088 27
2195 759 2579
69 623 64 862 227 32 1139 1435 793 1248 336
653 507 18 126
1031 15 829 277 2439
1405 1776
618 1320 1128
507 1178 1985 1088 580
2359 1825 663
1091 1105
727 1542 1543 1544 1545 1546 126 944 1547 1548
1212 1213 344 92 1096 106 1017 1214 442 1215 796 1216 799 1217 1218 1219
1256 617 698 331 1236 1841
703 1025 133
657 921 465 430 186 1942 791 698 2631 2441 1306 2632
426 792 873
1307 8 2466 474 196 1875 2227 2297 2416 2661 2727
176 171 177 178 179
847 2066 413 599 99 609 804
514 638 742 482 1343 236 1433 2391 723 759 1479 1008 1968 1683 1427 2393
341 2226
706 485 247 2844
528 698 882 1068
125 33 362 420 266 332 1912 887 422 1387
273 709 511 1910
666 343 1628 246 838 480 1629
0 103 426 323 752 753 754 755 189 533 483 756 757 758 759 760 761 762 763 764 713 765 766 767 768 769 770 771 772 773 774
1805 2857
726 706 1695 3 698 305 442 672 2743 1502 1769 714 1850 2744
528 184 923 1650 169 2612 1436 2613 1659 1122 2313 492 1482
388 2047 1684 2256 1321 2260
102 272 65 556 502 1975 849 2274 1345 298 1974 1053 2358 1063 2640 2641 1647 692 1075 1153 2642 2643 2225 280 1585 1587
734 862 407 569 2096 2679 538 1219
1118 1204 334 352 1438 2261
1028 2407
12 720 345 641
463 464 465 466 467 468 469 470 471
1489 703 349 228 1366
1834 829 1792 1282 907
676 860 1192 455 260 1462 33 1109 231 1463 1464
703 1006
657 266 658 659
1226 1138 1640 1641 1642 1643 1644 1645 1646 1647 1440
24 2336 1985 1869
666 1650 731 1974 448 2700
1139 1118 1356
930 359
1834 1439 1947 571 384
271 848 1241 1610 1693 829
180 189 621 1888 340
1220 791 842 3 2371 1912 1655 1342
1627 2783
556 2288
65 2144 2256 1947 1056 208 1803
779 2342
12 742 1343 235 50 1433 641 1589 908 349 1012 1412 1118 855 1779 1780
2144 2588
69 64 1112 548
428 1391 441 1016 165 1971 995 266 1322 1151 856 1803 178 774 637
227 164 1917 1118 1234 2334
1146 517 25 536 1730 1467 2745 2746 2747 1077
2182 2183
143 144 145 146 147
1043 2195 2179 2317 2218
1280 74 1112 1271
180 676 1226 1451 111 754 1268 158 822 998 1710 1439 1297 1191 231 1711 1712 1713 1714 1715 1604
71 1391 32 1 357 1065 211 1914
343 1953 1439 1933
2351 196 1205 1361 451
64 1700 960 1012 1129 2583 509 602 2621 1340 1232 2618 2647
987 1489 1531 1532 1533 1534
77 622 255 845 343 345 641 746 266 1359 1360 853 1361 1362 804
653 1993 879 196 172 1792 1994 1995 1996
860 92 152 529 2547 2303 1263 2531 1416 1554
1439 2477 2592 208
291 531 826 1439 763 648 1440 1441 1442 1443
70 342 930
1883 185 519 1884 1885 1303 1019 980
458 1308 1118 570
12 13 14 15 16 17 18 19 20 21 22 23 24 25 26 27 28 29 30 31
78 343 412 346 413 207 414 415 416
849 1345 1974 1008 1981 1222 1113 1647 835
1405 1776 1705 1777
373 6 7 507 273 497 211 1666
657 554 755 791 126 1087 242 2424 120
1030 1221 362 852 837
32 645 2622 479
271 152 624 1916 1879 2431 2432 2433 1019
271 522 277 278
1568 431 1247 162 642 2561 1445 2832 2833
82 2196 1348 851 2488
2003 2004
626 2521 1655 1102 479
103 1030 406 1257 407 620 737 599 1974 2433 1688 692 715 2162
140 141 142
1042 1439 712 1056 2396 1065
1391 1418 1563 1458 474 2328 2043
74 311 2016 2214 2215
1192 392 1233 626 1150 1807 68
845 1420 2025 169 2608 1120 1733 1793 2108 2609 2610
993 641 305 2561 1763 2562
1291 228 231
776 64 1156 428 111 554 956 1157 626 990 1158 485 793 960 677 1159 398 1160 873 1161 1162
784 431 2145
342 1605 188 1301
676 392 877 577 624 43 790 1984 169 795 1514 2165 1525 2074 1310 1121 992
128 2477 2059 479 1442
255 529 743 395 1685 163 792 1658 1984 475 1997 2313
417 507 1970 2120 2823
934 329
655 1375 1376 432 1377 56 34 628 1378 116 1379 1380 434 1381 139
1141 1229 1332
1258 2275
3 165 925 2788
871 666 129 872 873 874
135 1889 1593
82 698 843
1239 199 1062 2802 2803 2804 2805
1095 75 45 2456
676 640 984 392 1213 1568 1675 2093 362 792 703 164 1662 762 100 2583 800 2201 1955 1904
896 707 2328 1231 2670 523 1533
154 64 2220 533 2221 199 1515 539 2222 62
1472 1848 94 1170 511 2347
69 373 528 64 92 847 2 1109 1786 1309 796 1288 1881 1882 565
165 267 381 207 1011 86
742 923 791 1434 1848 2470 242 141 2471 562 530 1731 2276 1162 1722
65 923 2084 2717 2718
1674 1708 484
12 836 837 838
934 236 618 1319 2634 446 2635 2164 1269 2636 2422
1275 1301 84 1916 275 2241 1994 2242 680
1031 1170 1397 1398 147 1399
543 65 19 908 909 35 910 911 631 912
1605 23 2519
1353 2351 1385 768
373 781 791 2096 353 415 1598 2850 2851
150 406 1789 1834 881 2398 1499 363 2390 1894 203 2399 2400 2401
291 506
78 784 1193 135 1281 346 263 1319 1963 1411 194 443 852 446 724 1728 2461 2462 285 2446
153 295 296 297 298 299 300
2721 2433 1647 1744
528 1284 1054 2661 1615
213 1124 674 821 1692 1038 1302 94 3 1043 698 1693 854 1222 1370 1073 1694
145 1733 2516
392 303 409 125 1301 756 1479 1480 1481 1482
392 474
1569 2026 1711 1019 2009
528 458 1556 746 1990 1019 1808 802 1991 1992 1072
341 461 2619
676 412 1845
236 955 310 2343 164 277 1487 2809
77 356 844 640 323 845 6 65 846 847 556 848 849 163 24 850 851 852 116 197 853 854 855 856 857 858 859
70 82 1767 1610 1886
6 865 2790
576 21 1922 1926
1163 2086
1607 2055 115
426 657 695 742 623 1163 1299 342 405 343 554 674 1093 273 2040 618 1458 880 842 578 1421 314 1087 433 1345 2051 277 1309 2504 1089 2027 2335 2505 1153 2506
821 696 1918 1039 789 2430 2424
128 616 617 227 618 619 620 115 621
2048 2824
124 653 65 1347 729 283 2184 698 2021 2185
392 1100 2026 2468
653 819 820 92 821 822 823 824 113 825 826 827 379 828 829 497 136 830 831 581 832 833 834 835
1163 183 282 793
893 1084 1605 1843 556 2040 722 130 348 2373 1859 1120 767 566 2374 2113 2375
657 323 781 1299 845 409 406 1252 556 2041 346 362 703 853 1009 2524
150 144 255 1027
64 735 46 2358 1467 424 2785
235 183 1582 2031 1517 2032 2033 1010 2034 294
1531 80 260 924 277 2189
1489 273 125 310 1302 1110 461 2055 1401 315 277 1584 2217 2218 133 2219
2332 1552 574
140 1778 274 1148 2619 2043 2620
63 361 362 363 364 365
238 1520 362 1884 797
70 514 893 51 407 3 312 487 559 1523 740
308 926 1716 1231 246
1536 2423 58 2307
576 698 850 2325 2194
455 2732
753 580 1722
419 1658 2203
70 255 2348 513
103 676 428 577 696 21 1984 23 745 266 1985 1052 1986 284 137 1315 1828 1987 1988 1989
1192 1568 1956 1957
682 281 1932 778 2516
288 877 821 641 791 376 594 312 2101 1737 1312 1112 1314 835 1615
183 1006 116 1309 1614
65 419 745
775 619
255 1479
638 639 640 225 325 431 52 641 642 192 643 644 99 645 646 647 648 649 650 651 652
465 1353 791 1685 595 191 1663 2337 1313 66 1199 610 1481 2140 2455
418 296 531 65 456 532 516 533 362 534 535 536 537 538 539 540 541 542
871 454 2384 2391 2031 2453 1474 285 2454
893 727 6 556 310 1085 1190 1191 199
433 645 1171 2594 834 1072 2123
1489 814
455 309 1281 263 925 2111 1769 2112 2113
1776 967 2752
2761 832
180 163 509
12 235 281 507 667 125 1595 794 1320 1566 365 1893
1536 1706 2480 1638
42 780 186 18 125 2814
374 389 458 2018 381 382 2454 2089 2692
640 1094 842 199 1611 1088 945 724 1011 2447 2448
1317 392 845 303 1383 6 125 189 794 1384 658 1100 1385 1386 1387 1388
392 346 578 1009 511
1363 1520 2419
77 1275 92 1878 1277 1897 1917 313 314 644 2432 690 317 1057 1176 2589 1771 2590
507 362 1318 1158 1536 737 1361 1841
1024 381 1025 1026
34 1468
1321 1924
301 302 303 125 304 305 277 306
155 696 1035 1420 191 2373 1065
493 6 281 1178 1785 911 1507 206 285 2300 1316
254 482 752 1317 32 1596 1597 1598 1599
862 229 2277 859 2162
585 586 186 587 588
1093 398 2581
255 1377 1349 2461 142 387
653 860 6 1489 1276 281 81 1252 1640 533 263 2010 1785 737 315 199 277 1354 1584 2011 750 2012 2013 2014 2015
64 1275 65 793 2449 1486 976 840 1979
1406 2231 2244
1061 2201 2708
1084 2364 1984
143 860 861 272 1580 145 1581 1582 1170 1334 851 1583 147 136 335 1584 1585 1586 1587
419 530
426 753 1368 1746 184 164 1486 1747 1686 37 1356 635 1314 1748 803 1749
2419 1051 2598
956 2154 2546
780 934 1029 1212 667 1915 698 2331 1159 678 1500 2332 205 2333 1997 573 2334 285 2335 636 2211 139
1275 1634 842 95
281 155 266
654 930 264 931 56 932 837 220 649 933
1238 92 152 1239 1240 1241 1242 1171 571 912 1243 1244 1245
224 154 1393 237 1256 696 1836 787 1108 1110 1556 197 46 127 2035 2036 490 1712 2037
15 66 2507 2508
1750 336 1751
775 48 754 2097 2696 1715
587 2 1685 985 489 1981 1060 1982 583 1688 1983 1794 1725
64 1605 19 2 1658 1718 197 1309 724 635 1424 1945
573 2421 2827
70 481 653 657 1084 809 2025 909 28
720 1124 706 112 65 1766 260 1767 263 1768 350 672 1761 678 1712 1769 1273 565 1770 1771 1772 1773 1774 1775 1174
180 281 325 43 2213 197 1349 246 334 232 384
123 674 125 162 571 446 1162 2108
281 484 1320 410 1721
845 2529 2266 1937
341 1394 273 1139 1493 311 200 1313 1683 2289 513 2309 670
1212 1256 1884 2733 1764 2499
726 543 727 674 728 729 508 730 396 731 732 733
180 440 1233 755 1984 960 350 1525 381 206 634
595 2477 2478 1524
1084 623 1307 342 755 791 1095 1006 1308 1309 1310 771 1311 1072 234
639 2228 262 1209 677 286 2229
158 1660 187 1951 809 830 470 1952
1198 1447 2638
893 784 823 1285
1933 1427
1257 1 1588 1695 1356 132 1696 1337
91 1526 1634 1635 789 825 518 880 75 1636 1403 1637 1638 1639
56 359
720 528 878 976 977 978 979 980 981 982 983
63 224 255 923 1434 842 1170 2096 509 446 1151 1601 2329 2057 1471 2132
1321 2482 451
893 2008
640 82 2197 2198
931 2390 2798 1849 2673 451
12 791 229
623 1276 926 1053 2641 692
290 676 1084 374 921 389 80 823 1975 1301 2010 703 1365 45 410 2302 2242 1367 2045 2823 1862 2845 2846
1951 94 796 2651 2685
780 392 406 674 1609 2424 247 450 2232 2442
152 2142 2096 116 885 538 831 1601 2132
239 1151
224 225 65 226 227 228 229 230 177 231 232 233 234
0 775 181 65 1852 94 535 521 1853 818 1295 1854
657 742 592 227 2002 282 618 348 909 26 352 1438 2528 2401
576 343 1736 412 862 130 1178 277 1054 873 399 2774 2598 2381 613 2474
64 374 6 846 310 2278 2279 2280 1374 1647 2281
149 695 784 65 43 3 348 1401 1632 1610 1699 410 1720 800 1101 1263 2420 2374 1304 2750
128 616 653 6 281 515 156 188 722 1110 486 1621 333 1166 352 1010 1622 1437 1623
507 368 826
109 657 1226 784 281 51 881 756 21 508 1718 794 795 1445 355 2573
77 898 1005 515 81 362 164 1006 1007 1008 1009 1010 1011
422 253 132
225 350 1321 2848
181 144 343 531 1653 419 1927 1 808 791 1302 1109 1928 1929 900 809 1930 1931 1845 1932 1933 1934 1935 598 1204 1936 277 1732 765 796 1937 1910 1938 1455 947 1891 137 906 986 670 1939 1940
49 64 845 6 1138 1139 755 1140 346 1141 1142 578 474 1143 975 497 1144 1145 567
2228 2050 964 136 289 717
481 657 893 247
1899 525
15 686 928
481 482 73 281 160 483 484 485 486 487 488 194 489 171 490 209 491 492
70 781 1307 1230 2087 1150
1109 1865 398 2414
392 1504 1786 89
1790 375 730 841 1282
481 1229 792 619 965 1807 411
1837 2040 1095 620 447
1005 419 848 1436 1107 1974 1656
0 845 328 511
616 43 2145 2443 709 1206 2317 1983 414 2552
127 1056
2775 2317 547 2610
653 1517 509
213 214 215 216 217 218 219 220 221 222 223
103 779 836 937 684 1580 1667 1252 2024 1520 687 2025 508 276 331 2001 2026 1403 209 2027 1771 2009 211 2028
6 1472 497 1473 841
1595 479
595 575
619 909 1452 2389
343 348 2435 873
695 655 1194 2002 578 2409 1984 169 2164 2410 806
302 976 2237
623 1317 392 1299 785 18 346 1420 2025 442 975 573
755 56 1169 379
154 281 282 283 22 284 285 286
8 886
152 2384 1919 793 2385 1763 2386 2387 365 2388
110 528 281 398 1107
1054 2713 1615
0 426 1194 1589 618 1364 865 1566
695 1605 1843 556 1221 1042 1332 1931 758 2203 266 1345 244 204 2297 206 857 1438 771 700 986
409 250
1192 1451 1798 158 312 305 2096 733
823 909
2047 2816
1139 1875 2697
623 1030 783 784 327 862 667 53 485 597 410 2275 840 2578
439 440 367 1346 327 1660 186 2115 1259 960 579 36 1664 2116 675 333 1321 1740 2117 385 424 369 1970 751 2118 2119 2120 2121 2122 2123
1275 1382 92 1634 1781 83 626 347 1717 1782 890 486 23 1159 100 1505 679 1783 1784
640 655 1028 1090 82 736 1695 1110 1365 22 707 1285 45 1161 1467 137 1744 2728 2729 62
395 3 2681
391 1605 1843 21 314 1087 1222
2096 889
183 1789 239 1668 881 909 443 571 1009 248 1113 1552 1808 1809
145 1398 2859
2654 1767 687 2615 2613
1291 1790 2352 58 2772 1689 2773
270 271 272 273 274 187 275 276 277 278 251 279 280
780 1299 507 419 163 698 1241 837 647 1525 800 1769 2268 1427
586 1667 1165 242 530 1594 210 452 2053
419 696 793 536 607 2545
1032 1453 238 696 18 75 1411 1215 1160 570 965 1176 247 249 1454 1455
224 822 1865 809
1526 1527 1528
1038 15 533 1806 525 889
255 1406 595
325 238 1790 165 1401 378 203 1356 2027 2317 2555
6 461
1272 407 2479 380 1937 1371 2386 336 2057
2168 634
1648 516
657 753 419 1635 788 1094 1479 732 604
63 586 152 1843 82 1370 1440 1970
1325 65 2226
1139 2128 329 923 1229 2142 1095 1147 1322 1901 2143
641 1879
531 2854
589 323 65 1433 362 24 712 679 906
1624 1 240 894 1951 2135 246 614 2136
258 390 1394 1230 486 2086 101
638 1281 1012 2533 1248 2037 1592
77 655 1031 281 685 1692 729 597 963 712 1099 647 1732 1060 1733 335 1473 1734 1735
913 623 1535 407 1284 2080 1485 75 192 378 2305 966 2148 2306
653 1017 2503
341 734 346 735 736 628 350 737 738 739 353 740 741
726 427 1489 432 23 730 645 1553 1639
871 343 2100 547
1285 603
64 440 428 1275 343 409 112 1692 1536 1129 1309 253 1647 133 1987 2568
418 1982 1688
898 255 65 1168 240 1169 1158 1170 379 1171 1172 1173 1174
871 1192 1572 431 914 625 1178 1439 1536 2050 448
2557 2558
1005 152 163 165 2329
227 1285 1747 2337 234
2294 1997 2392
42 224 657 776 779 1197 1200 666 845 684 325 80 308 309 81 227 1 729 189 84 1109 1201 484 357 1202 1203 1204 199 316 497 966 1205 1206 1207 581 209 1208
786 2438 2334 478
154 753 412 240 1142 2050 2051 1243 360 352 233 1626 2052 62 1794 2053
709 2635 2401
1246 1668 1865 1361 1356 293
426 1033 1194 152 346 1016 2269 793 2249 1786 738 768 1386 2367 1783 715 2499 2500
877 194
1900 670
626 2345
1932 1000 499
404 392 696 193
12 281 23 37 650 1995 1991
1299 281 155 1338 1339 376 22 1045 1007 1340 1341 866 1342
1664 922 1264
325 1017
2539 679 2540
1519 577 1034 266 1693 523 2491 2313
2038 2039 1364 1369 2006
1175 2274 1390
321 341 1005 1317 1015 15 1139 755 346 125 1458 2025 926 433 1395 811 800 1769 132 2482
1014 824 2411 649 663
70 1093 1625 1769
77 78 236 554 281 515 308 743 240 188 1503 1301 330 852 331 1786 67 2060 2061 1795
1084 914 578 192 35 630 298 1438 2463 2464 2465 1077 547
780 1736 737 1569 2566 1688 2567
82 896 207
1268 998
12 183 1037 20 744 746 658 489 678 647 250 800 2658 715
72 2094 721 1109 1215 2095
1251 50 474 675 1469
1543 33 1179 2546 231 2021 1946 1554 2855
63 64 845 1546 165 1164 1699 2569 141 888 1357
1578 2824 2365
1669 1594 2604
254 455 1829 1664 1830 1831 1832 1833
1084 99 2766
515 92 1110 1060 1011 27 29 2626
1084 787 1085 97 745 747 1086
235 1408 343 1409 33 881 1410 165 1411 737 194 1412 195 206 1413 1414 1415 424 369 1416 1417
42 592 862 1318 2096 1045 2159 1498 2160 1583 100 678 177 1369 336 2161 2162
781 92 756 1917 2778 1449
70 404 1033 375 241 479 178 1529 1530
390 391 695 742 1090 876 1091 1092 684 345 1093 702 626 1094 1095 1096 703 518 578 22 9 488 689 520 1097 658 99 1098 1099 1100 353 1101 1102 771 1103 1071 1104 1105 1106
180 259 260 261 262 263 264 265 266 267 268 269 60
374 362
346 125 399 209
1670 40
287 288 289
1112 2860
934 271 1192 343 226 15 1040 474 277 2342 1924
296 554 325 65 105 555 185 556 18 188 557 495 558 559 560 195 297 561 562 563 564 435 565 383 566 567
290 291 292 293 294
623 392 406 696 755 618 1468 1900 1968 1849 806
134 493
6 183 152 791 1658 1260 508 1706 2085 115 1206 854 249 2396 1742 1822 2397
846 1827 81 1811 2314 348 1439 1012 1334 474 2315 2316 771 414
482 1325 2002 2587 2240 1507 1356
180 255 75 379
224 1307 1320 2556 1282 2253
77 742 482 181 155 743 362 744 745 746 747 316 748 749 750 751
186 1202 1248 2541
42 616 531 862 1896 1685 1897 1846 672 645 1898 1899 1803
0 291 720 623 64 111 586 785 407 990 1094 1040 398 1497 1498 1499 1500 873 1501 1502
2698 1885
290 589 322 590 65 326 591 592 593 594 595 596 597 410 598 599 600 601 602 603 604 605 606 607 608 609 610 611 612 613 614 615
507 1277 187 305 1977 922 2043
1400 1605 1194 346 794 2539 621 1514 1222 1310 209 2760
1879 2155
5 6 7 8 9 10 11
148 92 309 1085 924 318
507 863 379 1645 840
576 421 2478 2037 2806
958 2368
860 1489 308 617 862 1394 1756 1354 656 1463
255 825 23 1569 2563 1637
543 2561 1134
341 570
622 209
1332 760 1422 1749
255 14 161 559 1610 498
836 281 1648 2199 1296 2 2142 756 266 598 100 927 1959 2148 1584 1613 635 889 2216
481 1612 1715
1253 2571
15 1889 578 276 1374 298 927 477
638 428 784 441 1193 65 617 1815 1 2093 2338 474 197 351 380 840 2289 383 1304 750 1350 805
324 227 1896 1039 578
780 1283 324 1256 80 161 1284 1042 408 995 1285 1159 709 276 1286 1287 434 257 1288 250 285 714 1289 1290
92 198 731
409 92 15 1093 94 698 632 865 2407 2408 2090
781 406 710 1054
1543 1971 1564 1591 1480 1972
404 271 502 1658 363 447 868 1122 750 1316
1953 263 764 1954 1955 1775
321 836 893 898 820 1343 6 1472 155 674 65 696 1668 1016 880 842 1364 810 620 266 115 1820 2033 975 2359 690 1425 1055 1216 1655 573 1452 1656 833 142 2360 1523 636 2361 1196 2362 2045 1866 2363
236 1140 745 2022 1690
1034 1520 1951 698 1011 1602 2762 2763 2764
343 406 975
860 81 1420 560 1557 2544 1392 603 2545 1807
1606 445 120
1283 151 135 1692 34 644 38 1871 580 1161 1872 1474 1873 498
92 61 139
0 1 2 3 4
440 1275 1276 1277 755 1221 276 242 1118 1009 801 859 1278 1279
128 183 100 1525
850 2019 2194 2677 2678
720 419 2343 277 2344 2345 1026 2346
152 362
871 528 577 65 1971 378 961 1885 1990 2139 2541 1184 2401
323 781 406 183 65 80 282 756 276 631 1655 1656 1657
440 578 192 350 2160 489 1423 1371 1184
1017 1063
1109 1178 2671
1163 1383 155 789 304 1785 350 853 1626 858 2261 1715 2784
465 1581 1929 2556 443 1720 231 2676
341 342 343 344 345 346 347 348 349 350 351 206 352 353 354 211 355
1889 508 2413 2191 1615
0 695 623 152 227 1949 560 1248 1128 351 171 1009 1249 1424 663
1520 835
1633 2754
1836 2563
1577 228
576 577 578 544 579 231 580 289 581 582 583 584
149 373 235 65 152 33 1434 1439 794 745 579 1248 2302 355
507 1140 304 1109 2213 1658 2025 2466 1719 350 677 2159 2165 509 872 724 2268 2467 212 1304 2468
114 711 856
161 189 264 379 2660 2603
63 781 392 406 412 1093 346 2203 2424 1234 2074 1968
1179 2408 1181 86
110 73 1531 667 1811 2024 346 1546 1195 266 1522 796 2147 2579 1180 2201 2334 178 2667 1512 2091
70 481 1299 554 65 1 2002 1648 1301 1563 1365 1421 669 647 86 1470
482 577 1796 395 508 745 1739 1354 733 353 2186 888 2187 670 2188 2189
