5 71 191
1 14 67
40 214
94 165
2 36
45 183
158 198 199
92 103
102 124 130
141 146 195
1 72 179
43 205
27 33 61
15 71
138 162
86 205 214
96 116
16 45 118
10 231
8 67
10 129 224
71 140 145
109 155
107 112 113
32 61 236
156 210
17 174
198 199
11 228
53 77 154
73 170
116 148
86 106 108
59 120 124
186 187
18 102
27 49
125 127 231
73 109 242
127 146 200
118 227
187 193 198
120 145 146
25 200
196 231
129 130 135
41 183
8 157
76 92
17 148 179
34 103 123
20 47
27 37 48
24 123 143
13 163 175
153 159 172
9 20 31
205 218 219
128 183
124 129 136
23 173
205 221
117 198
33 199
11 114
86 232
5 69
170 174
2 183 186
16 66 118
54 210
198 234
149 184
183 232
10 87
10 133 140 157
125 157
167 191
98 180
129 208
45 46
108 136
17 71 187
31 232 234
32 48 100
105 201
179 187 192
156 226
171 208
111 144
118 119
102 200
217 226
97 104 172
82 157
29 119
157 207 224
30 105
204 239
10 146 158
10 150
209 216 224
78 178
9 41
19 119
50 84 171
83 178
162 180
33 157
75 84 171
167 222
134 215
157 158 236
128 197 231
1 20 144
43 44 182
214 216 220
44 179
27 150
32 93
223 224 226
173 182
173 184
42 170
124 209
98 146
5 118
16 225
203 214
133 157
26 69
16 171
43 101 120
16 167 170
29 109
37 58 235
187 194
80 153
163 186
27 48 103
39 40 67
105 233
175 191
103 144
148 176
145 146 195
26 234
117 149 150
5 163
60 71 186
173 199 227
169 186 194
8 138 180
31 214 217
30 112 217
43 164
169 233
151 156
204 205 213
173 231
118 166 170
7 11 122
45 47
130 137
144 155 180
78 238
32 33 34
6 122
10 125
29 55 111
186 209
137 140
117 164
121 133
1 190
73 171
136 231
81 101 137
45 207
160 163 167
8 87 231
166 172
61 181
97 153
84 98 172
29 73
1 164 191
71 179
10 45 170
2 5
79 234
118 179
128 144
1 111 227
8 98
37 48 83
105 112
19 143
16 56 68
80 240
129 208 213
8 76
163 174 186
76 84 95
214 229
38 151
71 213
51 78
20 96 228
25 177
222 226
106 192
61 104
101 136 146
102 192
5 167
98 117
139 196
45 185
167 221
9 19
128 173
64 117
76 140 146
9 16 118
136 211
101 234
177 191 193
144 180 197
24 103
48 78
86 154
93 100
32 83
203 226
65 84 106
148 157
98 99 172
1 87
2 80
23 210
84 102
60 185
33 150
69 231
17 67
114 190
75 101 172
72 225
222 239
73 137
89 93 100
39 105
58 124
61 150
86 108 227
123 128
17 199
10 70 157
6 63
84 127
106 170
57 118
10 161
3 174
76 95 114 161
105 214
149 230
84 88
35 88
40 106 242
132 191 242
114 132
205 221 223
42 232
13 176 194
15 136
8 32 35
41 125
204 212 216
32 123
146 166
179 205
80 214
71 177 186
167 225
61 163
94 183
184 190
148 187
147 172
128 196
29 86 108
32 59 62
10 125 157
86 142 155
128 139 197
231 235
149 223
101 102 125
40 179 205
24 128 138
32 236
9 136
161 188
32 172
205 214 217
219 223 224
39 40 74
126 155
56 173
94 182
117 159
54 165
92 153
8 63 76
213 216 217
63 179 186
29 30 107
1 3 164
86 108
28 75
125 219
110 233
73 161
38 76
23 32
98 133 153
105 106
1 14
73 74 107 112
71 164
163 209
61 85 92
170 186
3 38
117 193
89 128
24 101
66 70 183
31 192
64 130
7 117
2 8 200
107 145
167 186
42 183
32 49 50
86 177
211 212 222 227
148 175
48 173
68 72 177
23 43
120 135
5 17 165
17 223
50 210
52 116
18 43 57 234
43 44
65 158
2 190
83 98 153
44 188
211 221 223
4 17 165
15 33
134 145 157
30 208
88 172
99 167
80 163 222
118 161
45 163
107 111
67 174 199
201 209
53 86 109
91 93
102 133 137
227 231
181 185
111 211 227
103 197
100 104
111 123
181 198
18 45 185
68 119
128 143
28 35 50
65 221
56 84 118
167 224
53 155
71 186 190
1 16 17 148
1 80 179
18 198
166 167
44 154
79 230
14 16 118
112 209
82 123 144
91 196
33 36 59
86 157
1 184
126 217
125 134 142
43 65
10 82 158
46 65 66
89 153
37 48 61
10 166
64 99 171
82 231
23 104
36 75
47 232
36 84
39 154 242
13 15 52
35 37
81 129 210
120 141 147
46 50 65
1 5 177
19 59
33 37 50
144 156 210
24 63 138
33 102
40 106 112
156 217
43 167
56 67
34 157
111 157
7 110
54 73 221
8 20
32 149 210
43 120
13 14
108 177 199
72 187
24 95 138
50 58 161
47 154
68 174 223
90 159 161
174 198
1 175
31 185
83 238
46 182 183
48 112
51 186
143 144 150
50 123
76 156
163 193
50 114
41 71 186
105 231
148 163 173
17 225
59 60
103 120
3 128
136 221
158 186
33 85
52 109
112 207
148 173 175
6 7 116
127 131 231
13 68 179
78 90
199 240
72 179 190
26 44 183
207 213 219
54 132 242
25 186 198
45 46 66 70
11 41
78 82 153
195 240
103 138
54 224
166 211
61 235
77 105 113
101 132 140
47 65 234
201 211 219
74 86 106
9 158
133 136 142
6 22 87
119 167
38 149
223 239
2 34
57 177 182
196 223
206 207
84 91 104
8 138 153
14 67 193
9 129 135
78 100 153
167 207
82 103 133
200 216
80 195
41 182
20 144 180
204 223
136 224
32 42
82 123
216 223 224
105 158
84 93
102 121 136
3 13
33 70
190 219
124 151
27 33
103 117
106 147
55 232
9 102 140
32 33 79 178
145 158
91 221
132 208 218
2 231
41 57 66
41 46 50
133 140 158
126 131 138
78 161
53 86 132
5 136 164
41 54 232
20 76
102 108
61 172
29 39
54 127
80 222 224
199 214
3 80 193
89 103
47 66 183
23 136 157
80 147
138 150 156
48 134
177 223 231
55 73 108
8 200
115 194
91 104 159
170 227
86 132 242
170 221
148 177
116 166
21 95
74 106 154
10 66 140
205 215
140 195
134 141 210
37 184
55 163
153 168
57 223
32 79
34 82 103
121 171
50 223 234
141 146 210
90 100 178
106 242
183 190
22 114
202 215 216
54 232
52 54 108
9 56 111
8 31
102 134 147
23 171
13 56 119
207 234
91 151
105 119
130 146
91 120
153 157
23 151
135 158
89 157
35 126
126 149 180
147 204
16 72 177
39 106
87 180
24 153
27 32 89
65 211
71 120 190
37 104
176 232
16 56 211
70 147
8 92
16 56 187
18 148 207
34 171
19 31 46
81 189
10 200
8 171
55 223
101 136 157
91 174
51 236
25 65
83 90 92
80 225
172 224
158 166 207
84 97 98 99
64 236
102 129 135
215 223
166 199
69 76
120 181
34 48 81
212 219 220
20 105
10 84
61 89 133
38 172
78 153
210 223
127 144 162
98 104 171
78 153 159 161
68 148 173
111 166
54 136
123 143 180 197
144 156 162
132 205 217
67 163
14 206
128 139 143
9 203
123 197
70 140
16 45 73
125 145 146
206 221 222
13 43
25 120 136
68 223
204 216
176 192
81 157
166 174 199
209 214 221
41 43
66 182
56 175
81 120 157
146 231
99 125
99 178
112 242
128 149
35 235
137 220
120 121 140
3 220
208 213 214
45 234
198 236
149 153
16 56 72
49 178
56 137
15 31
62 193
35 61 64
113 132 154 155
69 70 102
177 184 186
63 161
50 99 104
124 213
49 80
68 173 199
27 28
89 238
9 32
104 178
105 223
87 197 198
120 136 145
157 172
29 208
2 9
31 100
50 64 236
56 119
23 167 170
24 136 157
26 183 185
78 158
205 226
87 101
81 133 140
9 43
191 240
78 92
13 166
126 144 149 151
103 144 197
2 207
127 177 184
92 144 149
54 229
16 25
54 55 154
79 159
18 224
97 99 104
167 169 192
204 215
82 118
9 69
125 153
170 173 179
6 183
33 59
52 53 154
217 221
29 144
78 118
71 160 163 186
116 161
1 138 197
35 98
46 152
33 89 123
41 70
34 103 171
191 194
172 238
141 157
76 95 110
40 86 205 223
85 104 159
190 194
136 137
40 140
192 225
40 154
72 169
6 21
222 234
31 172
91 136
144 172
137 147 158
120 164
79 90
15 16
4 148
114 165
41 46
29 73 74
140 157 207
1 2 34
29 132
70 223
13 148 163
64 76
34 84 171
10 81 124
101 137 140
84 92
158 199
39 55
204 207 208 218
55 86
134 137 145
48 137
20 109
73 179
10 54 170
10 158 231
68 114
103 149
50 149 171
36 58 59
76 95 114 149 161
68 160 166
36 59 64
140 157 158
205 219
134 136 147
83 92 100
79 103 153
16 148 176
71 191 194
34 59 235
30 108
34 70
16 72 179 205
198 214
1 186 192
92 181
122 233
24 50
45 111 211 223
119 193 240
98 188
40 136
8 11
101 140 141
34 37 60
57 153
104 184
84 171 186
51 181
48 78 180
72 190 192
48 83 103
36 58
43 182
17 72
26 44
2 101 157
91 199
114 150
44 46
148 173
105 109
211 220 223 226
20 87 116
166 192
79 125 144
38 76 95
15 173
5 184
46 166
61 126 144 210
1 2 199
55 133
78 231
153 157 172
17 152
33 120
32 85 236
31 106
54 55 111
102 117
199 232
228 237
201 217 219
34 86
95 171
188 240
33 48
85 89 159
129 130 140
9 135
84 159
3 17 191
27 48 89
63 87 95
131 156
75 117 161
66 182 232
41 69 120
173 199 236
8 87 138 197
73 74 106
42 179
163 190
184 186 231
73 221
35 132
8 63
30 109
93 168 178
93 172
164 188 194
101 142
23 24 138
143 159
13 176
123 136
55 194
23 33 50
125 142 210
40 155
24 210
25 190
101 128
9 141 145
106 112 155
6 94
34 85 144
28 181
65 81
125 142
5 179
66 124
41 43 120 121
111 199
140 234
2 198
35 236
59 114
82 184
111 137
29 45
25 86
35 181
14 15 67
32 126
112 208
68 80 111 173
36 59 75 172
6 76 233
126 142
207 221 227
29 107 242
35 149
111 173
97 181
108 141
177 199
78 79 103
4 35
206 227
57 66 70
5 190 191
1 16 17
11 12 152
36 89 171
199 217
54 198 222
124 142 146
85 126
42 91
1 186 190
9 31 101
83 85 90
41 46 65
108 112
76 237
123 198
105 112 155
54 133
102 195 211
12 76
22 185
6 76 115
84 97 171
72 192 193
121 205
55 111 217
59 101 172
66 94 185
80 210
179 224
58 136
82 91
10 141 195
5 177
140 142 146
161 222
47 80 193
78 89 90
209 215
102 135 158
154 242
173 190
18 221
27 106
75 210
18 154
159 169
213 223
105 119 167
4 80 188
32 98 236
31 101
75 117 125
3 51
140 154
76 95 114 156
27 89
42 186
86 108 155
94 95
23 139 197
45 214
73 167
4 16
99 111
153 159 161 172
50 54 84
108 214
49 89
4 203
121 223
23 138 143
102 186
127 231
204 206
124 142 210
123 196
184 194 225
118 177
19 66 69
75 84 89
201 209 224
164 188 193
12 87 152
101 125 140
65 176
58 59 62
54 55 105
214 216 226
80 221
16 179 192
158 220
215 222
104 231
111 171
203 223 224
89 198
31 208 218
23 102 127
186 198
186 190 200
41 174
23 100
121 124 135
45 66
52 53 54
216 217 221
33 231
101 145
40 67
2 5 71
111 118 182
79 156
99 168
80 227
73 173
65 83
148 179
55 105 108
61 148
167 200
8 160
80 85
120 133
35 151
201 217 224
68 164 188
9 70 73
111 192
14 72 169
98 210
208 220 226
103 153 161
17 184
203 204 208
126 156
31 218
177 186 231
131 143 180
74 220
36 150
102 136
65 70 185
202 218
202 219 221
6 114
63 173 199
1 132
28 50 59
36 49
54 108 132
125 174
31 205
23 50 84 92 171
163 164
122 152
10 125 140
36 149
184 207 214
59 61
209 227
95 114 173
23 123 150
33 34 35
83 98
2 84
39 74
136 157
18 41 182
3 157
163 199 207
25 211
45 184 222
186 190 194
204 220 226
54 55
39 40 242
89 111
120 134
2 205 219
81 130
1 200
117 167
211 223 234
55 73
42 182
50 60 62
1 42 193
16 200
59 140
4 17 80
38 139
186 211
170 177
137 197
118 223
207 213 221
4 183
132 174
48 178
127 231 234
37 54
104 114
23 124
8 153
131 143 197
27 123
95 182 209
57 157
68 177
61 79 89
65 66 163
108 229
48 171
66 114
213 214 216
204 216 226
69 94
114 161
2 165
16 17 25
34 150
32 34 61
72 173
57 69 185
1 209
73 170 214
76 173 199
73 138
119 170 174
56 73
53 132
16 17 199
34 92
81 124 142
89 92 103
2 175
169 191
6 87 115
59 62 181
6 190 192
111 163 177
87 196
123 161
75 78
17 166 200 223
10 24
48 149
3 192
166 191 200
108 166 174
121 125 133
31 120 147
132 147
169 173
9 81 145
20 33
42 108
214 231
180 197
114 191
60 124
202 222
41 232
157 158 231
36 146
16 229
46 190
18 66 199
2 166
74 108 154
69 228
54 234
134 140 145
54 194
120 208
137 184 186
67 186
8 23 87 125
64 178
34 36
9 125 142
208 215
6 54
65 204
121 189
157 158 219
26 160
101 133 145
59 161 172
40 148
101 167
147 201
35 90
80 199
50 60
160 240
111 112
133 155
86 101
127 144 149
78 103
170 194
211 215 239
29 134
20 87 95
150 197 231
24 138 144
29 79
86 109 132
10 50 171
105 109 155
58 93
88 103 172
21 148
35 184
134 135
79 133
54 201
16 17 179
66 113
74 111
129 135 146 195
28 58 235
163 173 192
56 104
84 173
87 102
150 180
201 225
53 102 107
18 132
9 34
94 96
32 61 100
89 173
5 164 190
40 54 86
135 210
149 151
20 177
84 114 171
54 55 242
107 109 194
24 138 143
101 138
32 102
106 113
141 142 210
84 97
173 225
184 187
126 195
10 56
33 89 92
16 45 234
140 189
1 86 177
15 76
174 191
24 82
20 63 95
81 125 142
117 228
24 150 157
17 219
58 153
182 209
46 66 70
128 150 156
205 216 220
19 81
84 89
175 176 192
102 130 210
163 174 176
215 220
173 200 222
18 45
205 214
4 71
84 120 125
9 120 142
17 167
20 101
3 59
33 37 51
60 110
46 192
102 134 137
8 24 123
31 37
16 17 223
61 181 235
87 140
200 221
80 165
8 76 233
18 66 185 234
4 165 198
23 131 230
16 56 119
62 69
52 86 108
37 99
130 147 157
209 213
204 205 217
225 233
150 214 226
50 199
55 86 111
2 125 221
65 208
6 7
99 200
97 168
60 230
39 241
123 180 197
24 89
78 99 104
191 212
41 222
29 30 40 154
126 139
204 213 226
19 41 183
14 188
25 102 221
47 98 172
207 221
60 84
174 223
9 45 101
65 102
50 133
101 102 142
134 209 220
63 96 115
25 30 209
118 132
120 124 135
232 234
52 106 108
34 63 172
93 238
112 222
74 113 132
32 133
86 205 223
123 144 162
1 79
10 101 134
44 127
55 80
18 41 45
17 39
126 138 143
71 183 190
194 225
112 201
59 126
117 172
2 173
46 232
149 180 197
112 120
31 68
80 191
167 231
1 5 191
118 176
3 187 190
128 162
116 152
130 132
43 108
76 102 236
90 99
2 118
16 87 187
159 238
121 134 137
133 141
64 104
20 95 110
148 160
77 132
33 222
69 113
57 234
15 218
101 136 195
101 126
204 206 222
148 164 193
65 66 70
175 192
153 184 186
132 155
33 37 235
32 51 75
28 148
32 36 172
181 200
114 152
71 90
12 114
21 116
9 31 140
25 102 136
59 98
101 140
100 143 153
81 147 158
157 203
80 119
25 220
19 173
39 67
169 225
8 233
80 231
15 119 167 170
36 59 181
206 217
234 241
120 186 190
33 100 178
127 140 146
20 144
49 60
204 213 216
9 173
209 226
171 185
121 230
191 209
144 236
55 106
78 198
32 104
131 143
97 98 103
35 94
10 133 142
102 129 142
119 163
56 166 169 174
201 209 220
84 90
14 67 166 200
74 230
64 107
75 99 114
46 176
21 115 117
164 225
125 134
36 83
203 211
2 4 71
33 37 61
140 146
129 133
68 190
24 138 150
80 111 222
87 138
81 158
184 214
78 84 153
9 82
9 61
3 45 198
87 149
99 161 172
30 73 214
118 140
23 123 131
40 222
11 233
177 183 190
5 188
170 199
170 186 231
79 82
84 157
9 80
4 17 177
53 109
45 144 149
117 119
29 223
19 41 46
41 227
1 205
205 227
15 167 170
30 108 154
144 161
217 220
45 192
50 107
68 160
136 147 210
120 136 157
55 133 142
126 153
167 170 186
65 87
132 166
81 102
54 158
45 55 111
65 137 204
103 200
165 177
63 122
10 136 137
101 147
24 151
65 177
18 177
23 38 84
35 51
135 140 147
188 225
9 10 81
136 141
45 54 184 222
1 78
134 136 142
3 121
8 76 228
67 183 234
125 145
182 224
117 161 172
165 184
31 32
57 208
13 16
157 180
31 57
86 205 214 223
25 117
136 145
31 132 209
182 189
8 33
2 174
148 205
157 163
98 178
25 40 205
105 108 109
57 84
109 200
167 173 177
68 179 186
52 105
53 54
35 50
167 205
25 52
125 201
3 104
29 112 209
3 187 198
18 86
5 190 194
10 158 223
105 169
17 199 200
76 198 236
40 86 214
67 176
173 174 200
78 149
15 174
76 117
208 217
28 48 62
72 163
180 230
31 41 46
59 83
8 78
119 177
32 37 100
157 240
16 231
18 184 192
97 172 225
7 87
105 134
217 220 224
105 167
63 95 156
139 221
28 59
91 104 171
22 155
86 227
39 40 54
20 63
177 232
129 130 195
202 211 221
52 86
76 91 95
58 225
20 75
23 156 233
1 2 8
120 121 136
36 75 235
36 59 61
28 58
66 177
11 67
19 69
173 176 194
60 84 91
80 188 191
18 86 234
114 153
109 242
73 86 223
31 189
22 148
54 171
2 184
123 155
202 209
21 94
19 232
175 199
72 192
84 228
7 95 114
47 204
167 170 173
25 148
53 86 108
15 67
96 233
108 224
129 142
16 148 205
152 233
153 199
121 127
207 231
116 186
57 196
76 138
177 200
118 187 191 193
81 208
125 133
104 222
19 160
29 30 40
151 162
54 173
132 198
37 64
70 144
53 77 113
4 236
185 186
1 67
173 176 192
12 94
11 14
1 71 186 190
34 60 181
201 227
85 89 92
24 149 150
183 227
166 208
25 26
91 220
12 94 115
75 120
10 142 157
105 108
121 142
66 192
16 17 72 179
18 19 185
14 175
40 67 148
182 223
109 191
33 156
9 207
1 80 132
103 222
80 211
41 65 234
148 169
30 41
31 173
48 125
125 177
45 57 182
212 222
31 42 241
111 125
24 230
97 98 171
198 221
1 3 184
125 173
4 17 190
111 121
43 46 157
78 91 99
6 20
41 65 125
37 60
27 48
63 87 96
192 220
201 215
42 189
156 161
76 100 114
126 144 149
59 101
78 104 153
141 190
19 52
203 212
86 217
127 150 151
18 112
27 186
30 234
75 102
141 158
38 184
27 35
125 158 182
165 199
78 159
101 120 136
64 181 235
66 153
17 186
50 120
66 164
56 207
112 132
76 114 136
18 146
89 90 92
118 133
102 130 135
86 167
120 124 130
18 19
9 134 147
61 153
86 177 205
31 73 146
4 187
102 136 158
39 67 148
40 55 154
5 164
68 208
61 95
215 224
65 138
34 119
55 73 105
52 141
203 227
58 88
25 70
64 97
137 145
5 184 193
29 33
140 158
184 187 193
1 118
63 110 152
2 164 193
169 184
136 147 194
65 102 158
48 60 181
31 36
66 163
204 220
149 157
10 140 142 157
29 81
29 30 132
38 171
97 172 223
33 148
1 140 186 190
121 195
200 207
18 148
16 33
130 189
223 231 234
205 207 224
120 205
81 124 157
40 73
167 194
8 138 149
102 141 142
63 125
207 224
196 197
20 31 70
86 222
22 70
42 65 183
126 197
174 183
8 85
163 173 186
121 133 140
26 91
127 144
25 80 163
32 37 50
80 191 193 200
82 83 100
16 173 199
72 209
23 38 95
2 78
81 101 195
102 142 147
202 219
94 97
75 114
30 114
182 220
50 156
126 236
67 148 177
31 107
108 134
127 150
101 156
56 184
71 160
123 128 162
163 176
61 68
54 177
24 133
4 186 188
95 136
57 69
66 78
63 92
98 99 104
89 102 210
1 75
195 224
146 184
151 162 197
108 227
217 224
8 177
102 240
16 205
48 228
50 78
83 184
151 155
27 168
114 136
167 176
89 123
19 67
82 210
58 131
98 99 153
43 183
18 25 81
176 200 240
59 220
60 75 236
52 154
54 108 223
127 156 231
214 216 223
40 192 205
219 222
6 22 110
9 35
85 89 126 144
133 195
81 101 105
157 170
22 117 237
50 168
36 235
55 73 111
25 218
184 186 192
28 178
117 171
19 47 69
56 223
13 166 175
83 177
93 159 171
87 110
146 147
40 112 242
167 190 192
43 200
217 222 226
45 155
108 210
9 81 134 140
23 128 197
221 234
33 144
97 171 172
213 214 217
116 198
190 198
54 156
118 174
91 182
22 152
112 177
58 84 171
29 209
23 128 150
143 196
143 151 196
39 40 73
178 181
202 206
76 96
13 52 107
84 103 238
37 92
73 86 214
8 23 157
9 81 142
8 152
9 133 142 147
17 132
41 197
83 90 100
148 214
1 8
27 37 89
34 75
161 178
16 73 222
37 153
18 19 25
136 140
76 102
166 191
16 56 65
73 111 132
10 134 157
174 176
79 89 91
40 214 223
45 68
107 182
102 129
18 182 183
89 92 100
85 89 144
88 159
194 221
23 27
40 113
50 131
8 148
71 183 186
130 141
85 102
31 186
120 140 210
9 123
76 171
1 169
216 229
27 28 37
148 200
78 211
92 190
9 191
90 91
87 183
27 28 51
132 208 211 223
150 156 214
109 111
194 240
30 241
149 197
163 186 200
126 131 144
120 124 137
27 58
28 149
1 166 199
48 62
123 126 128
95 150
52 106
38 127 162
147 196
93 97
181 225
75 231
102 134 195
65 182 204
59 133
50 136 157
75 184
214 219
221 227
101 211
23 128 138 197
92 144
32 61 210
118 222
69 167
164 167
62 156
43 45 66
36 156
5 91
65 183
192 221 222
89 90
94 164
112 208 214 217
217 218
136 171
147 158
129 145
33 103
9 222
62 236
136 215
64 234
102 177
89 199
31 43 45
54 222 224
14 160 174
136 147
35 157
59 92
40 102
94 188
73 204
46 136
9 141 195
167 174
12 87
74 109 154
86 207
4 184 188 194
5 68 71
196 226
95 156 217
29 217
43 214
20 95 122
32 64
109 154
100 103
202 213
71 80 187
175 179 192
33 100
59 75 171
98 136
24 197
118 165
17 187 198
14 67 80
28 82
160 166 199
217 229
27 79
37 47
101 209
204 219
105 224
83 125
69 195
27 98
9 45
78 153 161
16 73 86
30 210
55 173
25 106
87 102 231
78 79 153
23 128
177 204 207 218
36 221
1 31
14 169 173
92 98 104
119 160
80 86
46 103
28 157
124 135 157
1 15 166
37 50 97 104
14 56 170
175 204
31 55 222
1 190 193
27 33 64
43 157
123 144 180
58 97 172
74 86 108
82 161
33 84 92
124 130
37 51
31 158
70 104
15 194
205 217
78 83
113 132
7 76
72 86
45 67
37 159
160 167
9 193 194
9 172
221 227 229
102 161
105 140
87 228
169 186
9 120 129
129 147 210
203 221 224
55 111 223
131 150
6 233
27 103
144 210
164 167 191
168 172
211 219
42 163 186
36 59 172
108 170 182
34 48 59
140 222
102 158 210
81 182
19 45
12 95
108 109
124 224
35 64
146 225
17 179
50 98
43 240
146 195
50 84 136
63 173
58 103
104 198
55 73 107
2 37
91 104 111
171 210
111 207 211
55 105 108 111
50 149
81 121
135 142 157
28 48
32 37 48
191 193
165 198
49 51 64
68 111 200
45 54 184 198
121 136 157
157 167
3 100
84 98 99
80 111 173 229
86 166 174
43 127
50 91 104
52 74 112
69 70 232
90 161
126 133
80 164 188
31 182
3 194
38 126 156
163 166 174
93 99
88 104
17 191
76 223
1 227
84 100
24 48
41 43 101
136 158
27 37 152
159 161 172
46 100
102 130 141
23 200
5 186
28 236
121 124
24 196
1 46
212 239
72 166 169
207 218
62 82
58 186
40 53
9 57 137
2 186 225
66 184
48 50 61
120 121 137
104 131
198 210
148 166
25 75
1 2 231
13 16 200
217 234
14 134
172 233
54 199
41 136
74 86 109
146 205
103 123
68 173 200
68 80 173
52 101 129
73 211 221
87 116
108 170
25 45 66
127 184 186
105 212 223
91 92
61 228
34 98
80 193 198
201 213
185 235
209 211
106 107 112
41 45
28 33 235
10 224
71 130 186
129 146 195
9 164
81 120 121
3 164 165
1 42
87 231
71 192
157 224
84 136 157
72 186 192
166 186
102 124 147
37 82
50 164
173 193
191 222
160 174 176 194
81 84
102 205 214
204 208 217
63 115
131 137
111 170 211
117 150 156 161
68 193
25 120 192
127 166
27 143
52 109 147
67 175 191
103 153
21 152
78 126
85 91 98
150 156 162
23 84
69 105
190 199
55 165
41 44
63 228
218 236
73 112
107 164
5 90
84 120 171
81 183
70 114
7 20
221 239
79 101
182 191
33 128
70 136 232
27 48 90
90 100
160 166
71 176 190
40 148 179
36 62 64
132 208
215 216
87 120
22 95 114
118 148
167 174 192
35 60
44 65 66
25 104
140 220
79 153
153 236
59 78
30 86 112
125 171
47 65 70
5 183
1 71 198
29 55 105
42 70
53 111
23 128 156
51 60
189 230
204 207 223
59 64
33 161
7 11 116
82 236
166 223
66 101
65 98
10 158 210
91 93 172
201 209 223
31 177
5 164 179 188
20 180
103 184
117 233
51 60 61
91 177
23 37
53 113 154
182 204
18 81
35 170
11 76 237
119 166
69 109
55 108
207 211 224
74 112 154
186 200
23 123 162
46 200
28 173
57 205
5 184 194
69 167 174
120 221
150 210
209 214 226
24 35
134 150
164 177
9 231
120 121 124 135
55 86 108
80 173 199
201 207
150 161 172
55 150
34 37
166 167 192
9 54 155
23 101 102
158 227
80 173 186
41 57 232
131 180
25 133
24 123 149
124 141 142
94 116
79 92 171
54 157 224
29 43
14 160 199
205 209 239
90 100 238
63 95 114
102 127
20 87 180
110 152 228
6 25
166 198
118 211
138 180 197
58 60 62
88 144
40 205 214
53 74 109
128 151
55 157 221
4 186 200
45 111 211
15 40
16 192
108 132 208
126 128 230
68 169 170
216 219
31 42
79 157
78 82 99
43 172
62 91 153
126 180
31 71 163
136 192
84 210
148 179 193
73 111 242
56 118 119
36 97 104
55 177
72 80
67 170
179 184
1 187
32 89 103
29 105 242
141 147 158
16 118
125 214
30 86 217 234
10 135 158
140 142 157
23 138 197
204 205 221
173 199 223
188 193 200
15 83
149 233
52 55 154
70 106 205
101 148 158 163
3 184 198
29 174
136 158 240
39 53
20 87 144 197
23 102
24 123 180
41 120
80 190 240
17 240
3 5 191
202 209 213
105 112 242
50 200
13 175
119 127
54 166
84 168 171
55 108 177
214 220 221
130 213
2 72
60 141
18 39
174 177
205 209 216
50 181
28 35 60
66 135
23 143
202 218 221
13 119 167
184 234
50 59 154
2 27
76 114
91 159
150 196
150 156 161
102 151
82 84 171
87 161
98 232
128 231
196 221
141 157 158
101 231
134 198
79 85 168
112 154
102 210
214 234
9 129 130 145
144 179
22 80
31 54
67 167
94 176
33 140
163 169 179
98 200
82 99
37 50 61
164 194 200
49 102
54 188
67 101 210
73 86 113
36 177
32 61 126 144
171 236
23 80
79 91
8 78 138
67 208
119 207 224
86 166
146 207 224
161 184
71 187
137 200
164 186
54 230
74 106 242
57 140
17 174 223
29 132 208 218
8 68 184
85 234
60 75
72 111
134 147
34 120
81 134
81 121 136
49 172
118 128
79 99 103
112 200
63 96
120 121 135 144
3 71
94 225
11 80
196 214
187 190 193
173 229
54 220
16 66 70
87 221
170 176
89 99 150
189 233
29 170
134 145
42 47
133 137
28 181 236
105 216 223
50 235
2 209
9 35 210
10 138
1 2 164
33 62
222 223 234
73 223
42 65 232
83 158
36 104 161
73 146 223
16 17 31
156 230
110 115
9 127
70 199
10 24 138
56 187
222 231
1 211 221
9 120 136
31 211
124 129 134
55 111 211
118 229
118 199
25 57 232
67 173
76 185
29 52 155
92 151
71 193
17 191 240
105 111 155
19 25 31 57
65 167
172 198
27 61
23 150 156
45 66 70
177 211
20 233
10 157 224
160 194
185 189
3 163
123 208
73 166 174
100 153
195 200
111 207
8 22
68 173
33 228
20 149
126 157
67 192
146 227 234
219 223
25 223
88 93 99
13 184
45 54 170
171 172 221
32 48
102 173
16 179 205
160 173
131 149
14 199
10 136
9 33
16 66 177
147 231
29 40
9 49
9 146
30 86 121
46 70
1 8 78 138
5 17 190
27 33 37
123 149 197
55 106 111
201 202 208
95 148
46 57
212 216 226
133 158
177 187
83 100 172
131 150 162
102 192 221
93 99 172
155 201
29 108
65 106 208
3 173
9 140 157
24 143 180
10 202 221
170 220
58 60 235
14 148 191 193
69 158
98 149
50 125
207 222 224
84 98 153
225 240
83 85 90 100
10 142 147
43 101 120 121
118 176 192
45 111 137 221
67 166 225
149 179 223
135 164
75 200
55 211 223
81 145
2 3 164
72 148 184
86 200
24 126 128
145 146 157
131 143 230
89 101 157
54 184 198
87 138 197
36 91
9 102
101 157
110 179
89 172
85 103
145 195
22 110
125 224
27 28 35
75 100
112 132 205 208
2 177 187
121 144
11 115
33 41
41 47
203 211 223
48 92 178
89 104 159
49 68
182 231
73 207 221
204 208 213
72 175 176
153 171 172
124 157 195
125 166
130 140 145
37 49
138 151
80 223
220 223 226
207 223 234
33 146
116 183
148 210
170 241
48 61 89
10 170
121 130 147
28 32
80 86 222
14 119
1 197
176 194 240
13 15 119 167
99 117 149 153
179 186 192
99 172
19 61
41 167
32 62 181
80 133
213 220 223
148 207 217
86 108 177
54 112 132
80 173 223
75 172
82 99 104
76 225
71 166
60 71
69 70 136
132 208 223
103 185
129 137
32 60 61
50 92
14 222
36 59 236
16 17 177
202 220
17 103
164 190 209
23 50
190 194 225
151 231
152 228
100 168
119 163 177
125 161
40 52 105
94 184
68 179 203
95 114 161
167 173 192
108 177 186
45 69
23 142
99 174
16 70 222
1 17 191
32 99
117 231
180 182
154 155
130 133 141
202 216 221 223
83 100 171
186 193 198
51 60 181
99 103
3 177
29 30 74
10 198
100 171 172
203 208
132 141
105 114
161 167
134 136 146
10 136 157 158
12 43
54 173 222
94 117 173
124 147
10 73
41 46 136
163 240
80 148 191
105 169 225
146 158
73 108 118
203 217 224
64 99
66 98
53 109 154
80 118 199
65 175
76 180
173 188
158 218
32 61 85
46 125
53 124
2 92
95 119
146 210
36 62
23 128 231
2 240
70 234
40 205 214 223
24 138 139
113 154 242
55 177 211
23 119 128
140 171
25 199 224
212 213
21 237
72 160
117 146
81 135
36 224
75 171
88 100
116 165
15 186
124 190
36 92
174 232
74 180
23 63 95
95 122
53 113
200 231
63 95
131 162
117 184
14 198
55 108 132
75 146
40 223
70 136
43 144
41 228
120 129
174 231
86 112
2 5 17
56 68 118
31 65 189
114 126
216 223
60 181
37 181
166 174 200
106 132
65 141
83 100 153
215 221
3 4 184 194
8 50
140 142
235 236
102 124
148 234
68 176
50 82 150
76 198
137 229
25 57
88 93 103
8 234
1 86
19 43
184 192
18 209
169 199 225
153 183
137 210
72 227
60 85
63 184
8 24 138
24 123 138
175 179
27 235
55 69 167
131 138
78 87 231
79 85 92
102 164 200
46 184 186
115 228
105 211
173 179
18 108 177
97 100 104
149 166
201 214 219
48 107
1 2 5 164
31 43 234
58 75
174 227
52 230
92 161
6 11 22
124 158
126 149 230
16 73
146 224
91 103
123 162
148 179 205
11 22 237
87 123 180
75 117
48 58
120 210
41 69 185
45 223
18 227
84 120
218 226
37 172
80 222
59 91 172
186 241
27 61 90
12 233
1 174 194
93 233
198 222
10 120 134
87 157
224 226 227
57 209
10 124 134
69 232
65 227
109 112
39 223
158 231
73 105
18 185 234
91 172
17 165
78 103 172
41 43 69
124 145
67 80
76 91
5 170
55 197
14 173
87 95
149 174
50 64 104 171
14 80
89 234
157 221
120 154
33 35 50
66 70 76
16 108
92 100
76 136
162 196
72 163 192
34 153
138 169
86 199
201 205
188 190
74 86 155
137 198
3 223
48 186
36 210
87 108
45 184
45 78
125 218
32 33 37
154 200
78 98 180
32 49 51
138 162 180
66 241
73 105 112
34 49
111 148 223
44 140
211 215
59 180
41 54
106 155
15 176
120 124 132
64 84
16 68 173
200 241
177 223
184 199
54 211
71 240
16 56 166
32 235
179 192 205
121 135
60 82
28 210
99 150 153
148 177 193
69 114
128 156 197
86 147
96 152
124 141 157
45 173 184
32 61 89
32 82
54 106
75 95
86 234
17 68 187
99 104 238
108 109 132
39 40 108 109
16 19
13 190
108 148 177
84 95
41 111 221
31 50
126 180 242
29 112
29 30 73
15 169 179
68 71 190 192
67 68
32 33 235
6 114 237
138 171
18 136
179 192
50 75 235
177 198
166 174
22 76 152
166 170 174
119 177 184 231
95 110
199 207
6 117 161
118 194
69 174
27 33 59
29 164
19 107
92 93
1 111 211 221
42 46
10 59
130 210
2 179
48 126
45 65 66
157 210
44 70 234
23 125
99 159
29 46
10 171
31 166
3 188 194
120 130 140
35 116
205 221 227
68 127
23 95
50 100
10 45 54 170
153 161 172
69 120
5 191 194
208 227
34 114
98 153 180
125 136 210
55 211 221
199 207 224
101 179
125 198
134 140 146
8 36
9 71 194
54 177 222
88 90 100
129 202 221
23 162
4 12
148 170
33 50 92
30 74
49 235
9 211
97 191
72 111 177
29 207
206 222 229
198 200
121 134
124 135 137
148 158
83 90 99
119 144
102 145
185 230
4 75
135 140 223
17 68 174 200
201 202 223
39 209
30 109 242
73 224
52 134
206 214
38 87
74 109
166 179
47 183
97 105
120 121 130
2 56 118
27 34 60
10 234
50 119
5 71 184
211 220 223
16 120
50 231
5 65
61 75
199 211
19 48
148 173 179
34 36 181
95 149
82 92 103
184 198 240
60 62 236
23 138
102 124 195
164 176
150 156 196
202 208
102 236
201 209 221
13 16 17
16 76 95
101 102 158
213 229
125 140 224
210 236
80 191 225
226 239
13 194
150 156 162 197
73 77
55 208
1 190 194
37 42
34 210
171 180
102 133 142
50 161
42 132
158 214
18 157
28 34 35
36 104
3 191 194
79 173
36 153
36 37
48 161
95 237
166 227
230 231
35 79
163 202
117 186
214 217 224
45 170 211
183 194
117 153 159
81 234
62 75 236
68 231
14 192
101 223
3 177 198
119 179
111 205 222
95 127
52 108
80 207
167 209
16 118 174
125 137 221
149 173
205 208
87 116 122
24 156
120 121 136 221
51 61
87 127
82 171
61 114
86 116
38 128
20 228
63 128
58 59 235
14 42
27 75
150 196 220
141 151
84 98 171 172
17 207
100 182
3 117 161
5 71 176
55 67 223
98 150
46 81
212 227
109 113
20 95
9 73
29 167
157 209
84 103
20 116
43 184
204 205 208
54 184 222
101 134 147
29 55 86
48 98 180
60 231
20 127
12 110
73 108 242
45 101
167 227
4 17 200
2 184 199
27 58 75
19 126
9 86
76 95 114 149
67 132 148
200 225
5 80
129 145 195
208 212 221
121 147
202 211 223
143 234
216 217 226
58 62
126 127
72 176 190
22 190
10 204
51 177
10 141 157
97 159 161
119 177 231
213 214
95 228
138 143 180
29 224
208 215 220
53 107
95 126
25 136 221
24 101 144
171 172
92 197
16 118 173
10 55
174 200
72 166 170
14 15 72
201 208
111 186
111 120
16 17 111
16 68 200
142 189
97 104 161
5 190 198
120 125
10 101 158
97 104
105 113 242
177 225
40 107
31 47 70
27 33 89
115 188
78 89 92
29 106
70 124
19 42
60 236
48 176
78 83 92
73 136
15 166 176
33 40
42 54
61 98
13 225
97 98
14 132
173 191
207 220 223
55 214
50 205
20 170
45 132
31 80
60 163
32 95
128 150 184
120 121 135 140
84 199
40 106 108
8 114
34 40
81 105 131
19 85
17 80
52 74 242
93 181
57 137
9 145 146
119 177 193
18 132 148
83 84
38 123 131
102 140 210
32 149 151
19 182 183
1 111 179
11 122
40 242
111 113
65 123
16 187
32 34 48
151 196
98 99
204 207 215
40 205 217
16 173
36 59 235
200 205
2 23
35 37 236
1 221 229
69 127
9 117
128 180
9 46 73
30 217 234
34 149
108 149
28 88
6 179
87 171
124 141 142 145
35 48 58
15 61
54 105
204 214
72 163 199
121 136 221
54 73 111 242
21 110 116
50 62
103 161
119 197
84 93 100
29 31
86 107 112
28 50
214 216 218
70 120
102 120 146
151 171
84 97 99
160 174 176
45 57 66
16 17
105 182
84 98 171
21 114
3 179
155 230
23 75
59 61 64
209 220
71 119
123 230
139 144
197 224
14 118
20 117
141 203
93 201
187 223
140 200
16 17 73
59 149
1 184 231
69 125
42 163 184
57 183
24 125
81 170
170 173 199
36 84 171
127 180
169 188
164 191
94 117 199
86 174
82 153
28 64
73 214
75 126
163 166
77 113
177 191 194
126 149 197
35 101 133
10 135
78 144
46 120
220 234
27 35 50
63 210
107 112
126 131
86 231
61 75 181
5 163 186
32 48 89 100
129 141
142 210
36 172
23 90
73 109
176 194
84 235
40 205
8 65 138
61 144 210
164 170 177
91 159 161
48 235
1 18
106 204 220
20 23 144
33 91
131 232
133 142
173 192
169 176
96 110
84 128 171
68 199
108 167 192
208 218 220
10 142 210
50 66
47 172
38 197
57 102
148 211
18 234
217 222
57 119
120 130 137 145
20 63 87
54 113
154 221
68 176 240
6 48
119 177 186
59 135
31 99
8 10 24
36 101
126 144 210
52 73
76 199
92 120
25 174
43 188
3 46 65
67 200
24 123
3 91
142 206
65 125
21 45
218 221
63 99 137
120 121 142
170 231
86 211 221
55 241
31 224
206 221
209 224
82 104
3 146
55 69 174
120 167
126 149 150 161
63 95 173 199
63 116
24 38
36 37 97
16 154
9 19 31 158
16 72
192 199
2 125
105 221
16 17 187
205 218
1 123 231
31 119
4 193 199
131 196
102 112
27 33 235
31 222
17 42
4 174
201 216 223
82 85
32 98
6 46
124 133
134 141
11 50
185 222
27 37 59
2 67 118
177 218
206 208 211
8 221
123 126 149
114 133
83 100 103
4 160
75 167
37 74
174 186
108 129
148 175 179
30 39 86
81 105
82 133
20 231
150 186
1 71 186
9 36
16 56
43 100
18 57 182
55 73 109
64 91 104
78 177
23 126
33 164
108 223
53 102
13 15
214 239
118 240
8 23 87
126 156 197
55 137
123 184
10 125 130
50 178
39 184
68 111 173
32 50
98 153 171
129 222
43 125 227
80 119 166
157 210 231
18 25 183
1 3
46 185
82 90
105 167 170
3 184 240
22 114 117
13 119
89 97 104
36 64 75
149 231
61 107
156 214 226
160 163
63 233
90 97 98
147 160 163
17 144
186 188
67 72 179
24 146
111 132 242
121 234
77 242
144 210 236
79 188
148 164
55 220
4 190
111 138
3 190 193
33 58
211 213
92 173
45 111 207
9 54 86
148 169 170
2 87
73 108 208
129 204 213
105 111
10 157 210
84 238
51 195
35 61
84 139
71 164 191
135 215
19 31 111
158 174
184 193
38 126 128
23 62 75
49 130
8 76 150
68 192
1 221 227
83 99 100
28 151
50 65
9 54 142
126 200
9 136 140
148 217
125 127
123 197 230
84 159 171
102 135 142
157 227
103 184 186
31 33
45 232
8 184
19 176
52 236
65 111 137
76 95 189
44 66 70
5 187
2 31
15 190
167 170 175
2 177
78 171
101 136 210
81 224
58 82 84
148 174
30 173
26 124
133 185
45 121
52 131
14 170
59 75 235
94 95 117
73 132 242
56 188
93 153
86 132
212 226
10 101 150
5 191
33 34 89
202 205 215
58 60 236
102 137
1 148
2 33
35 84
102 150 161
9 23
169 179
186 218
1 185
48 80
146 221
123 126 144
36 82
29 52 132
170 179 192
158 234
22 48
136 194
174 225
136 228
67 142
1 71 184 186
82 197
160 170 179
101 141 195
91 153 161
89 104
87 95 233
91 144
9 31
48 119 200
68 72 192
102 136 157
16 81
73 86 155
44 70
10 120
1 3 191
63 137
127 162
1 111
133 145
105 106 108
41 199
123 138 162
24 138 153
38 161 199
94 200
213 224
18 19 189
166 207
136 142 145
70 118 222
177 182
16 191 193
53 242
102 174
85 89 236
146 234
107 119
158 195
136 146 157
119 200 223
16 67 179
202 207 211
135 202 215
34 50
87 102 125
137 153
5 164 193
24 149 162
121 209
107 109
176 179
83 85 100
187 199
126 144
108 157
2 149
39 40 148
179 214
31 109 232
218 220
48 81 137
92 238
61 236
173 223 224
18 147
5 166 174
21 31
153 206
101 124 141
23 149
160 177
89 102
87 233
114 211
46 147
25 44
203 239
86 134
166 167 169
15 45
207 212
32 79 85
59 63
206 212 220
18 121
10 181
68 179
1 212
58 62 172
102 140 195
41 45 182
33 34 178
16 73 118
111 155
49 84
111 211
142 224
162 231
18 184
2 111
219 220
39 205
138 198
153 159
209 214 220
58 104
4 188 200
33 172
104 233
92 97
26 57
58 60 172
28 59 61
1 73
158 187
38 173 199
125 140
129 136 145
139 231
6 86
149 199
18 184 186
158 224
170 175
16 208 220
76 114 149 161
202 203
186 204
18 120
92 171
16 68 179
101 219
20 87 144
69 70 114
161 232
9 189
9 229
117 177
24 78
205 208 217
40 170
37 168
1 127 184
19 46 183
14 18 67
94 122
3 173 198
81 135 142
80 163
102 128
55 166 174
156 214
27 183
112 214 224
73 217
148 236
43 125 140
120 137 146
8 125
2 194
130 133
55 167 174
91 161
23 143 162
50 92 171
46 123
9 224
35 177
177 184 187
206 222 224
85 178
133 206
2 129
207 208
4 179
3 36
106 221
134 203
33 133
70 182 183
119 188
56 111 211
31 55
13 21
51 135
59 138
57 222
120 137
135 145 158
34 60 236
30 55
75 181 236
87 115 116
71 169
125 146
30 222
67 166
15 175
92 149 150
57 172
23 230
166 176
33 82 84 171
174 224
104 144 150
110 122 152
78 138 197
27 145
64 83
39 55 106
138 143
73 186
57 231
32 140
117 149
45 65
55 132
134 136 140
23 113
146 157
63 76 114
76 84
15 169 170 174
33 92 186
130 194
51 92
26 183
13 52 109
208 220
77 154
149 153 161
47 182
10 81 101
9 136 141
14 16 148
5 174 176
186 207
50 102 107
46 101 227
30 120
209 223
113 195
18 173 186
19 25
102 195 210
87 197
201 204
50 211
100 181
68 222
47 69 183
33 51 181
183 192
220 224
6 72 190 192
24 180
88 171
46 105
103 151
17 200
10 101 157 158
204 227
9 62
164 188 209
27 184
50 51
132 210
132 191
39 40 52
79 238
137 158
35 61 235
63 153
38 134
18 55
73 218
114 186
20 22
66 159
14 148
31 221
20 25
141 220
101 135 147 210
24 189
144 199
73 222
64 88
67 148 205
70 222
121 129 133
102 226
23 128 149
144 158
50 84 161
20 196
48 97
33 84
31 199
118 158
147 167
144 151 230
79 91 168
29 52
33 50
66 70 182
103 236
50 98 172
18 185
91 98 99
37 60 178
57 224
54 60
72 198
127 158
204 211 223
103 123 151
3 193
163 184 198
75 236
85 100
9 145 195
50 62 64
61 120 140
171 173
95 123 158
8 65 102
148 224
57 65
42 45 70
41 101 120
64 75
130 145
84 221
128 150 161
12 46
18 167 234
18 67 148
46 199
103 133
101 173
25 232
169 170
39 40 107
61 144
79 98
78 93
202 216
15 170
36 136
73 107 111
16 86
77 105
53 194
52 119
49 64
36 102
40 201
2 186
82 84
65 241
124 204
158 184
2 78 87
94 117
80 173 177
214 222
184 198
144 173
149 180
16 191 200
73 212
61 89 92
95 209
85 104
212 218
78 99 171
42 184
158 182
4 118 165
215 218
201 239
119 169 179
25 157 208
31 150
73 109 111 242
114 198
79 97 103
215 229
210 231
61 185
16 223
68 191
103 136
191 193 225
3 184 186 198
102 194
150 231
68 184
2 119
6 22 95 237
101 113
2 118 188
115 185
70 182
2 188
75 181
79 98 103
8 94
16 118 199
54 73 224
214 226
86 223
54 222 229
14 16 67
41 46 101
100 144
36 200
5 176 190
18 99
1 177 184
6 22 76
204 213 224
79 85 97
147 210
11 237
216 219 239
15 169
75 85
50 64 91 104
17 190 191
43 47
163 185
138 197
98 153
120 156
82 100 103
207 211
53 73
23 45
14 31 80
10 57
23 192
153 200
37 89
54 55 222
3 54 198
187 193
140 207
10 50
12 115
67 86
89 94
165 191
27 51
14 67
86 136
76 123
70 123
201 202
54 55 73
47 66
19 72 179
203 224
134 142 147
52 66
115 152
201 204 221
87 194
32 99 104
29 74
1 20 184
74 106 109
117 138
55 227
3 169
206 207 224
59 119
10 101 144
104 150
67 179 205
207 211 220
27 48 61 90
209 220 239
186 240
37 205
170 208
45 61
10 87 123
212 219
73 86 105
124 145 146 195
124 146
84 85 97
198 231
101 124 158
84 104
2 221
19 22
32 54
16 140
49 133
76 114 173
14 160 163
46 182
13 71
148 229
23 158 180
16 234
72 119
23 149 150
182 208
159 161
140 141 142
211 222
132 208 224
131 151
60 61 181
163 188 200
29 39 40
120 124 135 137
36 62 181
99 104 153
179 208
10 235
144 203
35 75
130 157
208 212 213
8 33 144
16 147
86 217 234
82 101
21 117
63 76
3 184 194
133 147
84 91 159
101 136 145
140 161
23 24
63 99 114
80 221 222
209 214 224
5 184 225
33 82 84
109 201
7 109
125 147 161
4 188 190
193 199 240
23 123 128
158 210
55 155
25 54
55 177 223
25 231
108 166
17 192
31 73 192
50 227
71 176
211 217 223
73 86 111
5 176 194
149 162
184 193 194
49 92
124 223
52 74 108
111 149
18 34
52 108 177
223 227
32 126 210
140 141 157
52 109 132
101 133 140
6 161
204 212
1 80
38 230
17 187 193
32 82 100
166 173 199 200
27 48 61
24 224
89 210
14 33
55 199
2 80 188
72 170
32 33
10 158
40 214 217
81 130 140
164 185
158 219
1 158
163 179
13 179
10 124 125
60 147
34 200
71 225
165 191 193
10 127
169 201
22 122
56 220
135 145
83 161
82 120
17 188 191 193
50 84 153
101 136
54 211 222
23 87
37 75
25 234
55 132 154
16 40 205
1 127 177
58 85
14 164
16 163
86 146
86 105 112
55 112
60 91
123 126 131
81 140 146
50 177
40 217
16 54
30 163
44 45
49 88
182 234
10 137
58 161
134 136 210
10 33 158
101 144
71 174
132 221
166 181
35 62
124 125
125 140 147 158
23 59
138 144
8 87 138
75 186
108 167
102 147 158
88 90
4 80
91 99 172
3 68 192
102 136 210
185 231
1 223
63 221
23 84 128
101 129 135
9 180
167 192
53 176
214 217 221
153 180
173 186 199
13 118
155 157
65 91 104
112 227
15 209
30 154
48 143
65 185
101 120 234
25 108
29 163 186
45 198 222
16 39
28 133
77 111
18 26 183
31 46 101
108 182
120 142
181 191
50 159
111 222 229
160 166 167
53 65
201 222 239
31 136
34 50 92
133 135
201 204 208
36 75 161
3 165 184
78 87 138
34 142
15 86
91 98 104
75 161 172
36 60
23 114
19 44
183 221
51 194
78 197
10 61
106 204
46 102
33 92 103
25 29
51 59
16 72 179
19 57 65
35 92
11 76
224 229
9 174
184 221
68 148 176
28 33
108 163
36 48
55 125
166 170 192
216 218
37 103
206 212 222
41 46 66
161 196
79 104
85 89
5 200
184 194
108 173
35 141
16 17 234
97 159 172
140 141 145
19 31
37 87
165 183
136 186
45 205
208 239
68 198
70 232
149 159
210 222
57 204
119 222
136 207
48 61 144
23 123 126
135 137
105 111 112
5 118 175
107 154
119 177 184
192 223
33 127
163 211
38 126 150
1 80 240
84 151
40 108
108 122
157 211
10 101 102
173 186
73 158
169 192
80 193
78 168
16 57
86 107 109
19 57
1 163
131 189
50 84 92 171
10 124 145
173 199 221
185 200
67 191
157 207
3 190 191
129 204 208
107 122
102 140 146
32 48 83 100 103
143 197
5 166
34 172
215 220 223
111 221 227
212 220
193 198
10 102 157
82 100
111 113 154
157 173
91 104 153
51 140
55 211
148 240
136 199
16 221
163 167
63 102
81 101 134
113 154
157 158 207
111 146
6 65
31 163
29 31 208
95 114 237
13 169
8 78 138 180
43 137
3 184 186
27 59
101 130 140
10 173
14 191 200
16 118 192
105 191
70 99
202 217
27 32 51
25 116
24 144 151
119 166 173
78 123 138
39 73 106
34 60 61
99 128
76 184 186
144 197 230
1 119 177
7 12 114
38 126 131
19 153
2 3 165 191
111 198
73 146 205
50 59
16 55 56
3 80 198
66 182 183
138 189
37 48 89
201 210
94 113
135 142
174 184
12 122
182 185
220 227
21 122 228
95 102 114
58 193
27 117
101 129
205 207
15 119
1 103 173
124 195
102 125
177 184
43 45 234
16 211
31 223
114 220
120 194
56 118 240
35 62 181
8 40
144 151 197
56 111 118
96 115
30 105 109
134 140 195
135 140 145
22 95
33 51 61
10 54 111 211
10 170 211
14 15
207 226
125 138
5 174
95 114
200 240
102 146
72 179 198
108 242
16 118 147
54 124
50 63 64
97 161
150 199
92 200
30 111
171 201
85 90
79 84 92
76 161
33 34 92
80 177
114 237
90 104 238
69 182 185
40 205 214 221
14 16
149 222
81 121 157
48 180 231
124 134
13 112
148 192
8 80 221 227
30 211
41 46 69 185
65 205 220
68 72 173
31 45
18 45 232
2 200
133 227
148 169 179
16 204
85 161
11 99
33 126
22 98
200 223 231
129 140
170 177 190
5 186 191
101 220
50 63 99
202 221
45 57
18 42
132 148 217
75 221
34 92 103
55 86 229
1 174
72 148 179
25 31 186
132 154 242
180 223
38 128 171
48 49
1 186
167 179
10 66 70
141 145
102 117 161
13 15 119
198 224
120 145 147
139 156
66 132 224
111 209
32 173
69 221
147 209
46 65 137
84 231
123 126 151
29 30 112
47 189
46 73
61 184
67 163 192
32 186
37 68
79 184
57 83
35 80
103 150
33 98
111 221
78 91
132 148
149 156
40 192
31 54 227
11 73
9 141
32 153
83 89
92 119
105 122
214 220
17 110 152
5 71 200
79 92 103
166 231
87 234
34 82
35 108
108 177 229
12 237
133 198
28 32 61
8 15 69
167 195
49 58
37 104 178
128 151 162
1 3 187 193
17 175
102 125 150
143 150
13 119 193
48 123
4 17 193
211 212 222
133 199
38 139 150
45 169
16 80
51 200
18 207
166 167 174
29 155
148 185
59 60 235
106 140
16 18
140 146 158
84 91 99
131 149 230
8 123
136 140 146
32 33 50
167 173 179 199
153 186
48 61 236
186 190
17 231
9 70
86 108 221
125 222
55 73 132
38 59
26 205
13 188 240
44 189
158 177
131 144 230
18 43
55 61
5 236
95 117 149 161
31 92
10 54 170 211
202 221 223
9 118
73 214 223
100 158
119 163 186
55 103 138 197
1 68
30 205 209
13 182
31 65 70
18 19 69
105 222
136 157 158
99 166
35 125
101 177
161 170
47 184
160 163 174
25 221
5 103
40 109
24 139
195 222
73 108
69 102
148 167 170
24 140
157 195
34 36 60
98 144
2 78 127
206 223
8 115
58 85 91
227 239
128 171
23 84 153
12 199
134 157
2 14
24 126 131
3 5 184 198
169 175
11 96
46 66
20 173
153 156
37 50
192 234
13 134
3 4 186
118 136
24 223
44 127 140
86 211
10 199
144 156
1 8 138
45 72
54 140
68 72 163
19 198
86 140
30 73 106
132 217 223
120 129 136
8 165
120 140
61 85 89
136 158 210
48 85 89 158
133 220
60 228
72 148 192
11 76 114
131 143 162
71 190 192
66 69 183
35 130
75 120 171
165 194
67 158 200
33 180
32 33 60
2 5 164
30 232
64 91 171
123 157
54 200
117 149 161
2 165 185
148 208
8 222
86 205
18 87
37 173
177 191 200
5 194
61 209
3 194 198
3 4 188 194
30 113
202 229
39 52 111
1 72 192
54 184 198 222
10 133 134
103 210
81 120 137
27 83
94 191
25 47 70
54 109
8 23
165 190
119 173
171 229
1 91
127 140
25 214
80 167
78 172
78 89 153
95 233
55 127
37 85
138 231
69 136
89 117
14 72
126 143 230
140 147
98 126 180
60 112
18 42 184
76 95 171
39 108
90 100 159
119 198
153 161
30 164
207 219
208 216 217
107 142
111 170
43 227
39 77
56 57 118
8 95
18 19 183
1 2 173
78 184
9 56
1 158 198
65 205 214
201 205 221
50 217
1 2
120 121 220
67 111
16 66 199
14 18
31 47 66
8 149 197
9 135 145
98 153 172
48 122
25 121 140
8 87 123
94 117 153
125 129
59 177
224 234
38 84 171
38 128 150
184 240
86 112 132
102 120 136
10 57 140
34 59
63 85
132 195
72 183
65 102 182
54 157
3 73
220 222 224
10 81 125
33 92 171
50 147
9 125 141
200 234
73 107 112
120 146 147
95 153
88 153 191
79 84
42 121
121 210
135 142 147
35 222
27 84
81 102 140 158
117 200
10 140
23 61
1 184 191
80 177 193
144 149 150
59 158
24 87
206 211
63 126
101 136 137
123 131 150
8 132 208
26 189
97 99 103
61 171
95 170
31 217
80 200
101 129 157
50 104 172
34 35 133
55 62
52 53 109
35 48 61
204 208 224
204 224
216 222 223
190 234
78 83 153
72 192 234
119 186
8 78 87
141 242
169 174
42 80
20 144 150
167 223
30 74 154
10 144 158
6 41
50 136 171
1 3 198
37 61
153 220
110 164
14 157
106 204 208
55 108 111
36 61 194
177 191
130 137 146
27 122
50 153 172
5 190
137 221
47 121 147
16 163 176
81 102 195
56 118 222
34 51 236
138 177
8 150
84 92 171
39 148
203 221
38 128 139
8 78 87 144
10 101 133
211 223
10 205 219
123 139
12 22
2 68
76 149
86 99
64 235
89 231
215 216 223
84 104 172
148 184
81 145 210
16 72 192
15 52 86
28 153
198 211
1 119 184
43 222
190 193
37 231
68 165
1 171
75 211
146 198
166 204
5 164 188
68 240
79 200
10 186
55 111 132
76 95 149
33 106
9 161
22 186
88 161
71 199
17 187 190
32 37
26 87
32 120
61 101
26 43
104 172
13 194 200
111 148
129 130 213
1 111 221
166 222
27 33 51
71 184 186
211 217 219
40 112 214
164 186 190
23 76 95
7 126
99 117
45 118
67 148 200
16 68 169
32 83 85
130 135
102 153 172
71 188
123 126 180
47 127
70 95
106 182 208
202 223
14 15 179
8 87 116
69 173
63 205
120 195
121 130
212 214
9 65
57 220 229
153 210
46 137 186
173 175 179
200 220
34 54
66 120 184
13 68 170
39 177
16 17 72
58 112
190 200
74 105 111
1 198
54 108
8 133
84 171 235
140 145 146
10 54 211
9 130
51 178
102 155
19 41
126 151 197
150 230
33 181
100 153 238
176 190 194
10 202
31 188
219 224
119 221
36 159
26 41
50 172
208 224
18 186 199
40 132 201
4 5 188
16 37
124 140 146
158 198
92 159
38 180
203 223
20 84
102 121 147
1 111 211
163 176 199
43 65 66
60 61
201 202 215
68 72
63 157
20 82
58 59 60
99 173
72 132
54 221
55 78 180
1 166
107 225
11 87
37 53
75 101
42 45
143 180
211 212 223
144 149 151
30 39
8 49
15 232
61 85 144
216 218 219
102 106
95 114 149
80 163 184
61 90
45 102
95 122 233
42 80 199
135 136 137
105 160 166
15 167
132 208 217
123 231
32 90
19 41 66
161 172
125 130 137
132 184 198
97 172
68 179 192
161 171
202 215
214 223 224
29 86
155 232
40 142
102 134
48 114
151 242
20 21 96
142 194
153 173
148 166 174
9 102 124
33 82 103
40 132
21 122
222 229
208 209 213 220
56 199
76 95 128
55 103
26 55
34 181
25 41 120
16 182
111 138 197
14 67 199
140 158 207
6 8 63
72 108 177
149 177
107 116
118 160
158 173
213 221
214 240
38 131 162
112 185
82 199
170 228
15 16 56
54 158 222
13 61
52 105 111
36 48 59
86 170
55 118
72 174 194
204 211 220
123 138 180
32 53
27 51 61
164 184
179 208 214
39 214
201 219
206 211 212
16 191
54 108 109 132
128 150
25 199
80 193 194
46 120 147
201 208 222
184 241
68 173 177
187 200
52 102 132
28 33 35
14 15 173
23 142 145
50 155
128 131 197
79 85 89
62 64 236
143 156
56 179
9 129 195
29 39 242
15 183
5 240
10 133 140
143 153
210 224
114 156
96 194
58 75 171
18 161
134 142
25 121 234
29 205
23 157
214 217
73 229
158 207 223
148 163 166
206 226
205 209 220
215 226
52 235
73 154
16 240
183 241
27 32 100
187 191 193
18 65 182
22 233
11 199
24 144 180
72 108
16 148 191
144 157
201 220 224
101 172
80 241
40 121 147
179 225
173 208 218
27 50 58
2 127
68 188 200
166 209
201 207 223
42 65 234
142 144 230
121 124 195
222 224
80 187
10 222
127 186
214 232
3 15
5 71 188
81 130 157
23 78 138
27 149
22 76
55 205
20 138
12 18
3 37
148 175 176
75 123
39 201
177 184 188
114 179
92 126
212 224 227
44 65
68 119 170
139 151
102 133 140
11 22 76 114
101 141 147
63 79
177 179
68 131
19 43 45
62 64 75
205 216 217
120 207 221
59 231
67 179
18 25 26
133 140
161 180
31 146 223
24 78 138
68 199 200
16 188
31 41 43
116 228
31 76
34 48 51
42 136
80 164 191
185 234
149 157 158
61 99
81 126
10 101 199
70 183
128 131 143
77 109
33 79
64 86
102 157
48 148
16 29
20 75 144
55 142
70 185
2 213
31 73
118 164
81 148
4 200
3 138
48 61 181
126 151
123 180
84 150 171
163 173 199 200
207 232
17 222
55 234
122 185
83 89 100
33 34 49
54 208
1 177 191
177 229
6 95 237
37 236
10 236
119 208
20 76 87
118 207
90 153 238
24 31 144
125 207 221
119 220
10 111
192 205
129 134
48 157
126 139 151
11 110
29 31 132
45 85
67 69
143 150 196
5 187 190
102 149
204 208
31 147
10 150 210
16 153
25 56
78 99 153
68 118
66 87
129 147
159 171 172
130 158
14 169 179
72 164
32 34 58
78 116
84 93 97 171
41 220
170 225
118 192
141 210
102 107
161 197
53 137
1 157 158
120 132
13 31
50 84 171 186
45 65 189
81 157 224
211 231
1 2 175
32 78
48 98 153
85 140
131 143 150
167 170 174
110 228
85 210
14 134 142
7 11 117
123 200 231
120 121 147
111 223
45 198
51 60 62
5 192
199 200
9 166 170
69 108 167
135 195
97 98 104
76 108
99 231
188 198
62 64 181
31 71 164
3 196 198
38 76 114
85 144
40 67 148 205
204 207 208
48 83 100
39 155
20 63 87 233
196 230
18 173 199
27 205
62 181
51 97
13 68
19 185
161 205
163 194
204 221
15 163 192
85 99
1 211
67 72 148
204 218
42 148
29 86 242
179 223
150 158 207 220
224 239
203 213 221
101 193
117 149 153 161
99 207
1 2 119 138 200
209 213 220
3 240
134 147 203
223 226
172 235
16 56 118
78 89
125 150 158 161
54 119
9 133 140
123 230 242
18 19 70
103 173
101 171
43 66
33 63
202 240
101 124 157
24 131 150
52 240
59 61 181
2 191
39 74 105
48 85
120 207
61 131
55 56 222
84 138
125 181
56 176
37 123
58 75 235
202 212 215
16 166 167
33 82
136 236
216 217 218 219
20 123 180
18 148 217
27 177
1 2 200
1 138 200
54 69
12 96
16 33 56
68 169
73 106 242
57 241
53 142
206 212
56 136
59 125
61 120 126
69 84
13 167 170
27 34
72 79
54 55 132
170 177 191
23 128 230
71 193 198
17 118
43 47 69
99 100 198
24 162
102 220
39 218
3 84 171
29 54
21 61
140 146 147
211 212 217
74 108
10 162
10 182
9 223
25 172
27 64
28 38
13 173 175
198 205
69 70
28 37
41 46 157
10 54 158
133 172
10 101 157
54 192
76 95 150
223 229
105 132
25 173
39 170
11 164
144 234
43 170
111 222
18 148 234
65 137 220
79 144
167 169 170
112 221
1 2 184 186
100 178
65 106 221
14 67 191
56 80
139 143 150
73 242
72 184
4 71 184
114 172
137 214 220
61 126
126 127 196
112 214
119 166 174
14 200
50 64 89
125 146 147
209 216 239
126 143 151
10 54 111 170
108 116
73 232
67 207
177 192
68 136
82 223
3 117
25 64
20 78
50 117 172
27 37 150
18 47 146
48 83 89
43 45
18 69 182
81 195
166 221
136 200
9 120 145
55 221
167 173 176
170 224
45 189
17 148
53 154
1 5 17
166 176 194
89 184
174 211
4 191
68 176 192
35 123
73 147
175 177
92 123
35 102
118 147
5 47
142 145
48 210
78 87
202 212 222
8 111
18 25
133 140 145
23 127
60 104
87 115
61 64
86 108 214
35 208
21 96
8 80
160 163 169 199
32 48 90
67 166 191
50 126
27 82
50 58 172
111 148 207
136 157 171
132 208 209
161 186
56 108
19 31 232
10 134 142 147
120 126
52 106 242
68 148
73 146
81 210
32 37 89
2 3 200
10 211
7 21 117
9 79 89
4 193 240
16 193 240
78 98 153
140 170
49 144
156 177
55 85
231 234
70 118
48 103
95 156
45 55 148
138 197 223
31 108
19 86
86 117
31 65
9 140 141
164 183
47 65
14 56
25 41 46
38 45
38 150 161
130 142
209 213 221
35 58
147 242
201 205 227
55 76
33 173
40 121
167 170 223
133 174
55 155 242
85 159 168
11 232
104 193
200 211
23 87 128
9 54
76 78
111 212
40 207
50 101 158
10 23 158 180
91 128
128 197
31 112
174 190 194
5 175
83 84 171
59 186
54 107
119 231
83 95
26 65
166 173 199
34 181 236
72 177
213 222
9 102 142
90 97
207 220
23 92
211 215 223
63 192
54 80
86 105
3 198 200
54 55 72
60 146
140 164
8 78 221
15 198
140 141 146
43 161
8 236
25 31 120
79 114
8 54
17 73 86 200
101 227
111 167 170
25 120
132 232
16 148
76 95 149 161
32 40
169 176 199
80 166 173
40 234
25 189
33 49
68 163
73 221 227
166 186 192
5 94
204 205 207
61 79 236
42 179 234
50 64 84
56 200
16 184 198
35 118
9 137
45 123
65 208 221
90 92
204 229
16 158
30 86 217
86 183
123 131 162
108 231
147 157
120 124 140
16 56 136
8 198
117 179
1 119 200
125 225
127 128
9 195
118 147 222
30 68
61 222
73 174
54 73 222
92 149
10 66 101
23 119
10 149
63 123
49 180
22 28
73 125 137
40 204 205 208 214
1 15
101 184
68 111
10 57 182
166 174 192
16 179
32 60
202 214 221
94 103
212 216
24 131 143
67 119 167
114 184
171 238
16 144
138 143 231
145 157
92 93 171
66 232
50 84 95
32 181
120 121 146
98 172
37 91
25 80
9 18
202 217 226
32 62 75
91 221 227
9 170
41 125 227
117 161 196
28 48 61
199 223 224
184 186
165 187
31 209
54 109 132
220 221
16 68 170
34 58 235
89 161
33 134
29 52 106
184 198 222
59 207
55 170
56 232
9 120 130
3 166
4 194
58 59 64
81 102 142
72 234
3 136 184
33 64
144 180 242
84 177
36 231
25 163 199
177 194
99 104 171
54 73 132
56 57 137
11 60
36 37 235
84 147
134 146
76 84 89
24 180 197
80 192
13 192
27 37 100
66 69
7 11 21 122 228
205 223
24 63
61 64 181
35 36
211 213 221
150 227
29 54 106
103 171
49 153
209 229
138 139
3 17 80 190
14 67 119
69 147
116 185
108 120
52 113
59 61 235
16 111 205 217
18 112 217
185 241
89 98 153
54 105 108
157 190
27 172
59 153
29 74 109
130 163
23 79
103 114
55 186
112 218
87 198
1 8 87
91 104 200
8 20 114
79 103 168
186 212
157 193
140 155
29 209 218
146 208
24 87 123
124 125 195
2 228
23 52
27 37
81 136 210
16 66
50 144
61 92
45 73
73 200
5 35
127 173
17 136
89 103 171
34 51
23 38 128 139
4 17 194
2 219
205 212 222
34 102
17 45
36 59 153
9 92
173 176
9 28 54
78 99
80 177 200
80 177 193 200
8 169
54 108 211
19 31 70
10 101 129 135
42 66 232
70 146
13 15 167
90 92 100
8 20 95
187 190 198
29 132 209 218
47 66 185
134 195
13 19
101 134 157
32 61 64
15 52 148
157 213
105 155
220 226
164 170 191
186 208
23 149 171
48 198
106 112
1 87 89
99 114 153
63 73
23 50 84
29 53 108
108 221
1 127 231
83 92
173 200
127 139
31 227
72 113 154
17 200 222
27 32 37 48
75 214
24 126 180
53 112 132
184 198 225
76 98
17 166
10 101 157 210
55 77
93 103 159
9 137 147
31 44
55 222
218 223
150 229
173 199
138 140
8 18 234
113 146
114 116
34 48 61
59 235
191 193 200
124 227
51 83
68 218
13 148
143 149 151
177 193
20 76 114
103 123 144
72 167
28 36 59
33 34
78 180 231
124 142 145
69 189
37 51 178
101 140 210
35 193
54 118
55 147
10 134
13 176 200
42 120
76 117 149
144 222
223 241
43 220 234
46 101
19 65
120 157 171
16 118 207
166 183
29 125
21 87
73 140
10 130 136
60 62
57 101
52 74
5 183 186
47 68
34 141
25 41 101
71 145 186
160 163 176
1 177 190
182 199
58 59 75
41 46 120
118 200
76 84 95 114 171
148 160 174
182 214
19 106
68 80 184 223
29 111
1 222
149 150 197
142 195
73 189
55 153
89 93
61 173
14 177
9 124
18 72 179
208 232
7 94
33 99
54 85
45 111 137
70 147 222
59 236
177 207
41 95
13 167
209 214 216 221
88 93
140 141
2 5 191
