584 346 10 359 360
10 444 701 477 536 204
10 301 158 459 309 310 624 207 215 690
207 446
308 313
49 60 73 80
498 587 591 503 504
30 10 308 313
45 46 47 48 49 51 58 59 61 66 72 73 77 81
653 643
682 268 10 535
331 606 335 375 340 341 345 348 353 356 357 607 360 361 452
104 105 112 295 127 36 139 10 148 351 158 490 167 175 178 181 308 309 194 382 510 207 208 313 209 212 214 320
51 80
49 10 80 233
10 286
10 703 704 23 24 705
3 10 286
42 43 49 28 51 60 62 36 37 64 69 71 80 89 222
10 309
247 80 23 251
374 10
434 490 167 444 23 24 207
42 224 49 257 60 67 69 85 87 89 90
36 128 10 301 302 481 683 304 80 684 621 310 624 412 314 685 686 413 687 688 689 690 220
527 10
329 330 331 332 333 334 335 336 337 338 339 340 341 342 343 344 345 346 10 347 348 349 350 351 352 353 354 355 356 357 358 359 360 361 362 363 364 365 366 367 368 369 370 371
376 344 379 10 351 353 430 381
10 706 188 577 707 708 204 709 710 711 205 647 206
49 51 36 10 581 487 80 582 233 221
10 702
293 294 10 417
376 10
267 525 167 534
290 227 112 296 10 415 417 164 15 194 286 416
10 70
167 207
104 105 106 30 418 112 512 513 120 296 35 36 514 139 515 414 10 516 415 517 167 179 308 400 425 518 286 311 23 24 519 520 313 212 521 217 416
482 167 729
584 10 360
321 322 282 10 323
36 37
42 43 224 46 47 253 254 226 49 255 227 28 256 51 53 257 60 62 63 258 64 65 67 229 68 10 69 259 230 39 260 261 71 73 76 77 80 249 262 263 85 264 265 233 234 87 266 89 222 90
104 105 424 120 10 194 382 212 511 217
10 365 645
322 10 585
374 10 361
544 545 35 546 547 548 233 549
27 42 43 44 45 46 47 48 49 28 29 50 31 51 52 53 54 55 56 57 32 58 59 60 33 61 62 34 63 64 65 66 38 67 68 69 39 40 70 71 72 73 74 75 76 77 78 79 80 81 82 41 83 84 85 86 87 88 89 90 91
49 61
49 30 36 92 10 566 17 21 25 233
10 349 350 351 352 353 625 430 362
42 238 224 267 49 28 51 32 60 268 269 270 271 68 10 69 272 273 274 275 80 24 87
45 49 227 51 427 237
36 300
374 584 346 10 610 611 347 360 452 364 365 217
597 527 268 346 10 598 274 599 600 360 535 206 530
375 612 613 531 614 615 616 617 10
94 587 97 41 99
30 527 92 10 280
28 10
51 80
346 10 356 360
10 504
10 697 579 501
677 260
49 28 35 10 580 80 24
487 733 402
10 360
203 206
287 36 10
434 167
49 227 51 247 80 23 24 251
455 461 10
30 10
226 49 35 36
293 10
473 474
629 10 275 678 421 675 642 643 203 422 679 680 681 423 634
36 691 37 64 67 77 589
309 313
455 462 463 10 464 204
159 727
432 741
10 721
28 36
374 10 360 365
30 31 111 590 33 498 10 96 591 97 40 351 503 41 592 509 593 216 588 589 220
33 92 156 193 99
376 379 625
10 247 24 251
735 736 233
523 267 524 278 411
328 53 58 77
373 448
10 359 360
10 275 187 698 218
667 499 668 669 670
461 434 466 49 475 10 476 441 458 167 444 477 459 23 478 479
381 361 452
31 111 94 95 97 98 99 220
49 53 58 61 63 69 80 85 567 87
631 641 643
27 100 101 102 103 104 105 106 107 108 49 29 30 109 110 31 111 51 112 113 114 115 33 116 117 118 119 120 121 122 123 63 124 125 126 127 35 36 128 129 130 131 132 133 92 134 94 135 136 137 138 139 140 141 142 10 143 144 145 146 147 148 149 150 151 152 153 154 155 97 40 156 157 158 159 160 161 162 163 164 165 166 167 168 169 170 171 172 173 174 175 176 177 178 179 180 181 182 183 184 185 186 187 188 189 190 191 192 80 193 194 195 196 197 198 199 200 201 202 203 84 204 205 206 207 208 209 210 211 212 213 214 215 90 216 217 218 219 220 221
302 624
48 49 560 77 80
627 737
739 530 609 740
373 49 453 10 454 352 80 360 448 451 233
3 282 283 284 10 167 14 17 285
461 434 10 480 441 167 481 444 446
289 297 298 10 305 310 411 314
581 260 725
620 313
119 629 463 630 631 187 557 204 632 423 633 634 218
373 330 448 449 450 451
346 10 360
207 690
10 360
10 351 353
49 30 374 10 365
537 51 10 80 533
353 430 432
105 227 10
0 1 2 3 4 5 6 7 8 9 10 11 12 13 14 15 16 17 18 19 20 21 22 23 24 25 26
542 734
429 452
30 490 361
302 490 481 310 624
353 468
223 44 225 226 49 51 328 53 54 55 56 57 58 61 73 80 84
119 629
10 353
27 92
405 292 406 407 294 408 378 392 295 296 10 380 400 409 401 410 369 318
104 105 292 406 112 296 10 417 15 194 286 311
547 10
10 351
10 233
10 360
10 421 675 203 422 233
584 346 10 359 360
498 666 503 504
10 20 700 313 416
322 10 167
495 496 374 497 498 499 10 500 161 501 187 502 503 361 504 505 506 507 508 509 206 233
461 434 483 441 444 484
374 376 379 353 367
267 531 525 272 70 533
700 416
10 353 355
49 10 247 568 80 24 251
119 635 527 629 636 637 638 639 10 598 167 553 640 641 642 643 644 645 646 647 206 423 233
49 30 51 36 92 578 10 579 80 198 233
351 353
49 30 10 561 576 421
455 461 465 434 466 467 10 468 469 441 442 470 167 471 444 207 446
49 36 10 260 569 80 570
537 10
290 112 414 415 303 194 286 202 416
42 43 223 224 45 48 225 226 49 227 51 53 228 32 58 59 60 62 34 229 68 69 230 72 73 74 76 77 80 81 231 84 85 232 233 234 87 235 89 90 236 237
23 24
72 73
434 10 444 80
472 463 10 551 275 552 553 554 555 187 556 557 558 204 535 559 218
550 49 30 51 10 352 167 80 24 233
104 106 49 109 112 120 139 10 396 397 310 313 212 404 220
