522 523 524 525 526 527 528 529 530 531 532 533 534 535
702 703 704
480 481 482 483 484
121 621 622 623 624 625 626 627 628
207 457 688 946
35 281 618 619 620
641 736 737 738 739 740
571 572 573
356 357 358 359
83 196 222 223 224 225
18 548 549 550 551 552 553 554 555 556 557 558
77 493 494 495
286 287
51 52 53 54 55 56 57
256 782 783 784 785 786
967 968 969
29 30
59 60 61 62 920
209 210 211 212 213
198 199 200 201 202
582 933 934 935 936 937
230 231 232 233 234 235 236
497 505 506
947 948 949 950 951 952 953 954 955
470 471 472 473 474 475
269 270
496 497 498 499 500
290 292 294 295 296 297
31 32 33 34 35
721 722 723
819 820 821 822
761 762 763
426 427 428
559 560
862 863 864 865 866 867
41 42 43 44
249 250 251 252 253 254 255
174 175 176
653 654 655 656 657 658 659
407 408 409 410
337 622 634 635 636 637 638
770 771 772 773 774 775 776 777
629 630 631 632 633
115 605 794 800 802 803 804 805 806
910 911 912 913 914 915
127 299 315 316
133 134 135 136 137 138 139
536 537 538 539 540
360 361 362 363 364 365
665 666 667
419 420 421
682 787 788 789
369 370 371 372 373 374 375 376 377 378
399 400 401 402
140 141 142 143
87 88 89
856 857 858 859 860 861
163 164 165 166 167
778 779 780 781
324 325 326 327 328 329 330 331
195 196 197
512 513 514 515 516 517 518 519 520 521
991 992 993 994 995 996 997 998 999
256 257 258 259 260 261
456 457 458 459
0 1
407 724 725 726 727
1000 1001 1002
668 669 670 671 672 673
814 815 816 817 818
465 466 467 468 469
561 562 563 564 565 566 567 568 569 570
127 128 129 130 131 132
251 337 594 595 596 597 598 599 600 601 602 603 604 605 606 607 608 609 610 611 612 613 614 615 616 617
746 747 748 749 750 751
262 263 264 265 266 267 268
173 697 698 699 700 701
214 218 984 985 986 987 988
928 929 930 931 932
387 388 389 390 391
36 37 38 39 40
93 189 190 191
44 168 169 170 171
110 111 112 113 114
234 291 292 366 367 368
251 635 790 791 792 793 794 795 796 797 798 799 800 801
272 422 423 424 425
464 885 886 887 888 889
75 76 77 78 79 80 81 82 83 84 85 86
731 732 733 734 735
328 490 491 492
501 502 503 504
111 978 979 980 981 982 983
343 344 345 346 347
288 289
45 46 47 48 49 50
382 383 384 385 386
847 848 849
958 959 960 961 962
69 70 71 72 73 74
2 3 4 5 6 7
250 574 575 576 577 578 579
