3 8 9 10 11
476 485 486 487 488 489
163 164 165 166 167
275 276 277
348 349 350
93 189 190 191
169 475 879 921 922 923 924
78 81 85 220 221
198 199 200 201 202
144 145 146
382 383 384 385 386
286 287
387 388 389 390 391
121 621 622 623 624 625 626 627 628
256 257 258 259 260 261
290 291 292 293
20 21 22 23 24
94 214 215 216 217 218 219
582 933 934 935 936 937
470 471 472 473 474 475
832 833 834 835 836 837 838 839
18 548 549 550 551 552 553 554 555 556 557 558
116 434 435
958 959 960 961 962
214 218 984 985 986 987 988
464 885 886 887 888 889
332 333 334 335 336 337 338 339 340 341 342
251 460 461 462 463 464
200 471 712 713 714 715
317 318 319 320 321 322 323
967 968 969
115 116 117 118 119 120
2 12 13 19
690 691 692 693 694 695 696
496 497 498 499 500
536 537 538 539 540
443 444 445 446 447 448
127 299 315 316
823 824 825 826 827 828 829 830 831
256 415 416 417 418
819 820 821 822
127 128 129 130 131 132
0 1
665 666 667
147 148 149 150
755 756 757 758 759 760
895 896 897 898 899
778 779 780 781
29 30
298 299 300 301 302 303 304 305 306 307 308 309 310
465 466 467 468 469
290 292 294 295 296 297
182 183 184
2 12 13 14
173 697 698 699 700 701
639 640 641 642 643 644
360 361 362 363 364 365
512 513 514 515 516 517 518 519 520 521
507 508 509 510 511
403 404 405 406
111 978 979 980 981 982 983
343 464 645 646 647
843 844 845 846
501 502 503 504
25 26 27 28
770 771 772 773 774 775 776 777
278 279 280 281 282
571 572 573
718 900 901 902 903 904
456 457 458 459
234 291 292 366 367 368
2 3 4 5 6 7
61 582 583 584 585
938 939 940 941 942 943 944 945
226 227 228 229
605 963 964 965 966
728 729 730
760 880 881 882 883 884
272 422 423 424 425
752 753 754
351 352 353 354 355
44 89 99 100 101 102 103
746 747 748 749 750 751
262 263 264 265 266 267 268
271 272 273 274
1003 1004 1005 1006 1007 1008
160 537 664 764 765 766 767 768 769
104 105 106 107 108 109
337 622 634 635 636 637 638
116 807 808 809
69 70 71 72 73 74
249 679 680 681 682 683 684 685 686 687 688 689
407 724 725 726 727
497 505 506
648 649 650 651 652
133 134 135 136 137 138 139
559 560
251 337 594 595 596 597 598 599 600 601 602 603 604 605 606 607 608 609 610 611 612 613 614 615 616 617
207 249 708 709 710 711
105 330 660 956 957
121 122 123 124 125 126
243 244 245 246 247 248
