91 306
370 390
536 414 537
73 172 173 174 175 176 177
233 476
121 122 123
82 518
334 339
38 249 250 251 252 253 254
456 457 458 459 460
124 125 126 127 128 129
91 361 66 67 68 82 192 362 363 349 351 364 365 366 367 368 369 370
159 160 161 162 163 164 165 166
133 439 520 406 521
505 269 506 507 272 508
82 419 398 399 420 436 437
13 196 370
262 263
37 38 39 40 41
55 296
39 57
70 96
0 1 2 3
155 380 381
465 466
324 82 325 326 327
3 34 38 239 270 271 272 273 274
379 187
57 222 223 224
471 472
208 343 344 345
33 275 276 277
39 102 479 145 190 232 266 526 467 330 347 527 432 528 468 469 470 490 529 530 531 532 533 534 535
413 408
352 353 354 355 356 357 358
248 348
97 98
189 190
13 237
477 233 471 475 476
90 67
307 308 309
4 5 6 7 8 9 10 11 12 13 14 15 16 17 18 19 20 21 22 23 24 25
191 192 193
83 80
247 248
144 145
331 332 333 260 155 334 335 336 337 338
290 291 292
239 240
63 130 131 132
205 502 128 503 196 211 370 504
42 519
20 67
538 482
334 335
42 43
57 58
66 67 68 69
82 147 148 149 150 326 327 414 415 416
155 156 157 158
13 24
95 410 411 412
231 232 233
211 322 323
52 53
82 362 199 523 524
454 94 455
89 382 383 384 385 386 387 388 389
53 54
317 318 319 320 321 267
247 509 348
167 155 168
479 522 262
90 91 67 391 221 306 392 393 394
22 258 238 259
510 511
142 143
450 231 451 452
467 468 469
183 234
151 146 152 153 154
34 269
202 325 328 329
153 154 169 170 171
194 195 196 197 198 199 200
82 398
37 38 40 41 352 308 405 406 407 408 409
257 249
299 300
218 423 424
300 301
107 108 109 110
57 107 108 109 110 462 463 376 464
465 234 499
87 168 303
205 442 443
197 200 201
237 238
293 294
82 146 147 148 149 150
226 228
214 433
44 46
99 100 101 103 104 516
13 22 55 56 295 296 297 298 299 300 301
