372 413 460 480
513 576 787
208 728
219 358
343 695
23 24 155 176 606 762
1 299 527 586
419 694
279 321 396 653 756
36 87 183 199 522 796
257 675 680 681
489 655
50 367 437 630 638 650 769
2 213
621 648
679 680 744
757 796
102 105 785
634 641
127 128
226 426 614 735
9 65 129 284 288 365 519 543 544
9 567
111 150 510
351 812
582 717 766
168 424 810
220 348 415 558 616 622 741
114 242 601 787
410 814
11 334 335 746
380 644
228 276 546 610
704 814
16 513
31 34 280 635 759
21 465
145 316 357 803
163 183 246 398
53 424
114 294
370 796
50 115 376
499 501
9 281 373 431
473 487
30 144 145 461 462 463
457 576
580 817
9 80 81 153 161 166 223 224 330 331 342 434
83 241 254 397 624
63 219 583 728
78 766
1 319 709 772
37 70 403
203 576 787
342 508 518
221 633
355 731 792 793
220 673
36 347 796
6 466 485 556 647 735
387 566
145 197 493 545
0 92
55 56 302 411 786
7 41 298 479
9 224
473 490 491
237 323 342 734 825
172 211 213 596
117 118
53 233 234 516 613 683 700 740
36 327
114 306 388 439 456
484 550 787
256 343 732 761
412 694
1 448
61 165 232 504 806
52 53 424 446 648
513 523
219 722
219 263 374
182 477 735
353 690
33 61
29 362 416 524 526
307 313 383
662 814
213 826
362 507
0 335
55 296 302 640
141 496
566 714
369 513
1 32
364 412 496
128 154 791
513 764
73 514
332 591 814
36 315 796
39 40 87 243
136 158 159
192 591
216 326 383
73 635
219 665
17 56 57 301 492 568 795
128 532
219 564
689 763
55 678
193 591
1 308
291 413 482
8 10 548 782
548 666 782
235 250 827
451 572
44 112 355 432 538
350 517
311 762
560 814
49 162 380 505 760
196 679 745
520 814
244 649 814
0 755
202 330
55 170
86 658
380 381
158 174
55 76 204
67 548
116 131
9 68 69 567 581
1 66
107 278 592 813
252 303
393 735 824
59 164 274 342
303 770
198 814
401 403 436 475 703
217 218
158 587 748 822
104 689 808 814
424 438 489 714 728
427 440
97 148 218 396 407 472 476 483 486 561 697 698 725 747 815
225 317 611 658
353 694
213 215
265 350 727
246 718 720
219 391 728
44 54 355 417 656
137 535
151 361
189 584
272 808 809
501 571 773
170 386 625 669
267 749 820
295 296 297
380 382
46 383 643
78 814
378 473
16 271 276 423 535 814
109 110 312 403 404 721
114 632 651
146 201 412 424
402 403 436
87 88
200 293 430 618 729
55 692
11 12 13 555
322 413 765
599 818
147 473 552
9 138
403 414
350 528 557 754
343 695 702
