4 1
117 129 1
51 1
51 1
41 1
117 1
41 1
65 1
41 1
107 1
107 1
129 1
122 1
51 1
51 1
41 1
29 122 1
133 29 122 65 62 1
117 1
4 1
65 1
65 1
51 1
51 41 1
65 1
65 41 1
51 1
71 1
117 1
65 70 6
117 129 1
29 1
29 65 97 51 41 1
63 1
117 1
133 29 122 51 41 1
120 1
51 1
98 1
98 1
98 1
29 65 97 51 41 1
98 1
29 41 1
63 1
29 74 97 51 41 1
63 1
51 1
71 1
63 1
23 1
51 1
51 1
51 1
147 1
147 1
4 1
23 1
65 1
29 51 41 1
51 1
29 1
29 51 41 1
20 57 125 116 108 44 1
51 41 1
97 1
79 1
57 1
63 1
133 29 62 41 1
51 1
57 20
125 1
51 1
51 41 1
41 1
63 1
41 1
51 41 1
80 59 70 39
41 1
51 41 1
8 1
41 1
112 1
41 1
51 41 1
29 1
29 1
142 1
51 41 1
51 1
51 1
29 51 41 1
136 1
51 1
41 1
63 1
4 1
120 1
62 1
120 1
29 51 41 1
63 1
136 1
107 1
63 1
132 1
41 1
63 1
29 51 41 1
29 51 41 1
65 1
65 1
41 1
122 107 62 133 29 65 51 112 97 41 1
112 20
41 1
122 107 62 133 29 65 51 112 97 41 1
63 1
63 1
51 1
51 1
51 1
51 1
62 1
125 1
62 1
107 41
125 1
63 1
133 29 62 65 97 51 41 1
63 1
133 29 62 65 97 51 41 1
51 1
120 65 97 1
52 1
51 1
120 65 97 1
52 1
63 1
63 1
2 40
63 2 72 115
2 72
2 95
147 2
147 2
63 2
2 56
2 56
2 115
147 2
147 2
2 95
63 2
147 2
147 2
2 72
2 72
63 2
147 2
2 140
147 2
147 2
147 2 61
63 2
63 2
2 1
63 2
75 2 58 72
2 117 129 85
2 129
147 2
147 2
2 115
2 61
2 61
2 140
2 115
63 2 115
2 72
2 72
2 72
2 111
2 80 95
2 115
147 2
2 40
2 95
2 93
2 117 79
2 93
2 40
2 115
63 2
147 2
2 72
147 2
2 72
147 2
2 80
2 72
2 80
63 2
63 2
63 2
2 72
147 2
2 111
63 2 140 61
63 2
63 2
63 2
2 140
147 2
2 1
63 2
63 2
63 2
2 95
63 2
2 72
2 72
63 2
63 2
2 115
2 140
2 40
2 95
2 115
2 72
2 115
147 2
2 95
2 56
2 115
2 140 58
2 72
2 95
2 140
147 2
147 2
2 140
2 80
2 80
2 80
2 72
2 72
80 101
75 2 129
2 95
2 95
2 80 95
2 80
2 72
2 72
2 80
2 80
147 2
147 2
43 125 51 44 4 116 57 20 108 41 12 1
147 2
63 2
63 2
63 2
2 72
63 2
63 2
63 2
2 72 95
147 2
63 2
63 2
2 140
2 140
2 72
2 72
63 2
2 58
63 2
2 72
122 62 107 133 29 65 51 6 120 112 41 1
2 72
2 95
54 90
2 11
2 80 95
63 2
2 137
2 137
2 72
2 95
2 40
2 137
2 95
2 40 72
2 72
2 137
132 55 114 87 5
2 137
2 95
2 40 72
2 40 72
2 40 72
2 40 72
63 2
63 2
2 137
116 20
2 137
2 72
2 72
2 40 72
2 40 72
2 115
2 115
2 137
2 40 72
2 137
2 137
2 40 72
2 137
63 2
63 2
2 137
2 137
2 137
2 137
2 137
2 137
2 137
2 137
2 137
2 137
2 137
2 137
2 137
2 137
2 137
2 137
2 137
2 137
2 137
2 137
2 95
2 72
2 72
2 95
2 72
2 72
75 2 72
75 2 72
2 72
2 40 72
2 95
2 72
2 72
2 80 95
2 72 95
2 140
2 140
63 2
2 111 85
147 2
63 2
2 80
2 72 95
2 95
2 72
147 2
2 72
2 95
75 147 2 40 72 95
75 147 2 40 72 95
2 95
63 2
63 2
63 2
63 2
63 2
2 95
63 2
2 72
75 147 2 40 72 95
2 40
2 40 72
63 2
63 2
63 2
2 80
2 99
2 80
63 2
75 147 2 40 95
63 2
63 2
63 2
63 2
75 147 2 40 72 95
2 72
63 2
2 99
75 147 2 40 72 95
147 2
2 95
63 2
2 72
63 2
63 2
63 2
63 2
63 2
2 95
75 147 2 40 72 95
63 2
2 72
63 2
2 41 85
63 2
63 2
128 2
2 95
128 2
2 95
2 95
2 95
2 95
2 61
2 72
2 72
63 2
2 95
2 61
63 2
2 80
2 85
2 95
2 40 95
2 95
2 95
2 95
2 72
3 38
102 3
102 3
102 3
102 3
102 3
102 3
4 44
4 84
4 84
4 84
4 20
4 20
4 41
4 41
47 55 114 87 5
65 70 6
70 6
65 70 6
65 6
65 6
65 6
65 70 6
65 70 6
65 6
70 6
65 70 6
65 6
65 6
65 70 6
112 6
70 6
65 6
70 6
65 6
74 6
65 6
70 6
65 6
65 6
65 6
65 6
65 6
65 6
70 6
65 6
65 6
65 6
65 6
74 6 111
65 6
70 6
65 6
65 6
65 6
65 6
65 6
55 61
65 6
65 6
133 29 122 65 62 97 41 1
65 6
65 70 6
65 70 6
65 70 6
65 70 6
65 70 6
65 70 6
65 70 6
65 70 6
65 70 6
65 70 6
65 70 6
65 70 6
65 6
70 6
70 6
65 6
65 70 6
65 6
65 6
70 6
65 6
65 6
65 6
65 6
65 6
65 70 6
65 70 6
65 70 6
65 6
65 70 6
65 6
65 70 6
65 70 6
70 6
65 70 6
70 6
70 6
70 6
70 6
70 6
65 6
65 6
65 70 6
65 70 6
65 6
65 6
65 70 6
70 6
65 70 6
65 6
70 6
70 6
65 70 6
70 6
70 6
70 6
70 6
70 6
70 6
70 6
65 6
65 70 6
70 6
70 6
70 6
70 6
65 6
65 70 6
19 6
65 6
58 6
58 6
65 6
65 70 6
65 70 6
58 6
65 6
65 6
65 6
65 6
65 6
65 70 6
65 6
58 6
74 6
65 6
65 70 6
145 6
65 6
65 6
65 70 6
65 6
65 6
39 6
65 70 6
65 70 6
70 39 6
65 6
65 6
65 6
70 6
65 6
58 6
65 6
65 6
65 70 6
65 6
65 6
70 39 6
70 6
65 70 6
65 6
65 6
65 6
65 6
65 6
70 6
70 6
70 6
65 6
65 6
70 6
70 6
65 70 6
65 6
65 6
65 6
65 70 6
65 6
65 6
65 6
65 70 6
65 70 6
65 70 6
65 70 6
65 70 6
65 70 6
65 6
65 6
54 90
65 6
65 70 6
70 6
74 6
65 6 111
65 70 6
6 111
51 20
65 6
65 6
65 6
65 6
54 6
65 6
54 6
65 6
70 6
65 6
65 6
65 6
65 6
65 6
70 6
65 6
65 6
70 6
70 6
70 6
65 6
65 6
70 6
70 6
70 6
70 6
70 6
65 70 6
65 70 6
65 70 97 6
65 6
65 6
65 70 6
65 6
6 111
65 6
65 6
65 70 6
65 70 6
65 6
65 6
70 6
70 6
70 6
70 6
74 6 111
74 6 111
65 70 6
65 6
65 70 6
65 6
65 6
65 6
65 6
65 41 6
65 6
65 6
65 6
65 6
65 6
65 6
65 6
65 6
65 6
6 88
145 6
65 6
65 6
6 88
65 6
65 6
6 88
65 6
65 6
65 6
65 6
65 6
65 6
65 6
65 6
7 9 126 21
7 126
7 28
7 104
7 60 28
8 115
95 141 112 107 59 70 8 39 6 49
63 8 115
63 8 115
143 8
123 97 8 141 6 30
61 8
8 129
59 70 8
140 8
140 8
23 140 8
8 12
63 8
61 8
23 63 8
23 8
23 63 8
23 8
8 118
61 8
23 63 8
23 8
77 8
23 63 8
23 8
23 63 8
8 115
23 63 8
39 101 145 143 59 70 8 141 49 30
8 115
39 101 145 143 59 70 8 141 49 30
23 8
61 8
77 8
47 25 55
23 63 8
23 63 8
23 63 8
8 141
23 63 8
8 141
8 141
23 63 8
8 118
8 141
23 63 8
8 141
8 57
23 63 61 8
136 8
56 8
61 8
63 8
23 61 8
23 63 61 8
61 8
8 141
145 39
23 63 61 8
23 63 77 140 8 118 115 12
59 8 141
8 141
23 63 61 8
56 8
61 8
23 63 61 8
61 8
132 8
140 8
23 63 8
8 141
59 8 39
23 63 61 8
140 8
61 8
63 61 8
8 141
61 8
61 8
61 8
61 8
8 118
8 118
8 141
61 8
61 8
8 141
8 141
8 141
8 141
61 8
61 8
147 8
61 8
61 8
147 8
8 141
61 8
8 141
61 8
61 8
61 8
61 8
8 12
61 8
147 8
147 8
23 63 8
61 8
61 8
61 8
23 8
8 12
23 52 63 77 140 61 64 8 12 24
64 8
145 8
8 12
63 61 8 12
59 8
140 8
140 8
61 8
61 8
61 8
104 8
63 61 8
61 8
140 8
61 8
61 8
61 8
61 8
61 8
61 8
63 61 8
61 8
63 8
63 8
63 8
11 85
11 115
11 115
61 11
23 11
40 11
78 11
11 115
11 115
11 115
63 12
23 12
63 12
63 12
23 12
23 12
23 12
23 12
23 12
23 12
23 12
17 12 57
140 12
23 12
8 12
63 140 12
23 12
77 12
63 12
140 12
63 12
23 12
63 12
8 12
64 12
140 12
140 12
61 12
147 12
61 12
61 12
13 126
7 13
7 13
7 13
7 13
7 13
13 53
13 53
13 53
9 14 148 93 38
14 60
14 60
14 60
14 105
43 15
76 15
108 15
108 15
132 104 15
43 15
43 15
104 15
104 15
43 15
132 104 15
108 15
108 15
63 61 15
8 15
8 15
8 15
17 33
17 33
17 33
68 27 17 36 138
69 17
17 110
17 52
17 76
17 52
17 76
17 76
17 76
17 33
69 17
17 46
17 76
17 76 138 45
17 36 46
17 46
17 46
27 17
69 17
17 76
17 46
17 36
17 46
17 76
17 76 46 52
68 17
17 36
69 17
69 17
69 17
17 46
17 36 46
17 52 46
17 46
69 17
17 138
53 17
69 17
109 18
109 18
109 18
4 130 84 18
109 18
109 113 18
109 113 18
109 18
4 130 18
144 18
113 18
109 18
109 18
78 29 19 62 65 41 6 85
128 19
19 28
19 6
19 6
78 29 19 62 65 41 6 85
78 29 19 62 65 41 6 85
78 29 19 62 65 41 6 85
78 29 19 62 65 41 6 85
103 19
125 116 20
125 20
125 20
125 20
125 116 20
125 44 20
125 44 20
57 20
44 125 116 57 20
125 20
44 20
125 20
125 20
125 44 20
2 11 85 75 58 129 74 72 111 78 117 1
125 20
44 20
4 125 44 20
125 20
125 116 57 20
125 20
125 44 20
125 20
57 20
125 116 57 20
57 20
125 20
44 125 116 57 20
125 116 57 20
57 20
112 20
125 116 57 20
44 20
125 20
44 20
125 44 20
33 20
33 20
125 116 44 20
53 20
44 4 125 116 127 20
125 116 57 20
4 125 116 44 20
125 116 20
125 116 44 20
44 20
125 20
44 125 116 57 20
125 20
125 116 20
125 20
57 20
57 125 116 44 20
4 125 116 44 20
125 20
125 20
44 20
125 44 20
125 20
57 20
125 44 20
116 20
116 20
125 20
125 20
125 20
125 20
125 20
125 116 20
125 116 20
125 116 20
125 20
125 20
125 20
112 20
125 116 20
112 20
125 116 20
125 20
125 20
112 20
112 20
44 20
125 20
125 20
108 20
125 116 108 44 20
125 20
116 20
125 116 20
116 20
125 116 20
125 20
125 20
112 20
112 20
125 20
125 20
125 20
125 20
108 20
125 20
125 20
125 20
116 20
125 116 20
125 20
116 20
125 20
57 20
125 20
125 108 20
108 20
125 116 20
125 20
125 20
125 20
125 20
125 20
125 20
125 116 20
116 20
125 20
125 116 20
116 20
125 116 20
57 20
125 20
125 20
125 20
44 20
125 20
125 116 44 20
125 116 44 20
112 20
125 108 44 20
57 20
44 20
44 20
125 116 20
125 20
125 116 20
57 20
4 125 116 44 20
125 116 44 20
44 20
125 44 20
44 20
44 20
125 116 108 44 20
43 132
116 20
4 125 44 20
4 116 44 20
45 112 20
59 70
125 20
108 20
44 20
43 125 44 20
125 20
44 20
44 20
112 20
125 20
125 20
125 116 20
125 20
116 20
125 116 20
125 116 44 20
125 20
125 20
51 20
125 116 44 20
125 44 20
125 44 20
125 44 20
125 20
125 44 20
117 19
125 44 20
125 116 44 20
44 20
125 44 20
57 20
125 57 20
57 20
125 116 20
57 20
57 20
125 44 20
44 20
125 108 20
57 20
112 20
17 20
112 20
125 116 44 20
125 116 44 20
57 20
125 20
4 125 116 44 20
44 20
116 20
125 116 44 20
4 44 20
125 116 20
125 108 44 20
125 116 20
125 116 20
125 44 20
125 44 20
125 20
125 20
125 20
125 108 44 20
125 116 20
125 20
125 116 44 20
4 125 44 20
116 20
116 20
4 125 116 44 20
44 20
44 20
116 20
125 116 20
116 20
125 20
116 44 20
125 20
112 20
125 116 20
116 20
116 20
125 44 20
4 125 116 44 20
125 116 44 20
4 44 20
125 116 44 20
125 116 57 20
125 116 44 20
116 44 20
125 116 20
116 20
116 20
116 20
125 116 44 20
4 125 116 44 20
125 116 20
4 20
4 20
125 116 20
125 116 20
4 125 20
125 116 17 44 20
125 116 20
4 125 20
125 20
44 20
23 63 125 116 20
44 20
116 20
116 20
45 112 20
125 116 44 20
125 20
57 125 116 17 44 20
125 116 44 20
125 116 44 20
4 125 116 44 20
125 116 20
116 20
116 20
116 20
4 125 116 44 20
116 20
4 125 116 44 20
116 20
116 44 20
44 20
125 116 44 20
125 20
125 116 20
125 20
125 116 20
125 116 20
125 116 112 17 44 20
125 20
125 20
125 116 20
4 125 116 44 20
4 125 116 44 20
125 116 20
4 125 116 44 20
125 20
125 116 44 20
125 116 20
125 116 44 20
45 125 116 112 17 20
125 116 44 20
125 20
4 125 116 20
1 4 125 116 44 20
125 116 44 20
125 20
125 116 20
57 20
125 116 20
125 116 20
116 20
125 116 20
125 116 20
125 116 108 44 20
116 20
116 20
4 125 116 20
125 20
4 125 116 20
125 20
4 125 116 20
4 125 116 20
4 125 116 20
4 125 116 20
125 116 44 20
125 20
1 125 116 20
17 20
125 116 20
4 125 116 20
4 125 116 20
4 125 116 20
112 17 20
4 125 116 20
4 125 116 20
57 20
125 20
4 125 116 20
125 116 20
125 116 20
4 125 116 20
4 125 116 20
4 125 116 20
125 20
125 20
4 125 116 20
125 116 20
112 20
112 20
4 125 116 20
125 20
125 20
125 116 20
4 125 116 108 20
125 20
4 125 116 108 20
4 125 116 108 20
125 116 20
125 116 20
125 116 20
4 125 116 108 20
4 125 116 108 20
4 125 116 108 20
4 125 116 108 20
4 125 116 108 20
4 125 116 108 20
4 125 116 108 20
116 20
125 116 44 20
4 125 116 108 20
125 20
125 116 44 20
4 125 116 108 20
125 116 20
4 125 116 108 20
125 116 20
125 116 20
4 125 116 108 20
4 125 116 108 20
4 125 116 108 20
4 125 116 108 20
4 125 116 108 20
57 20
4 125 116 108 20
125 116 44 20
125 116 20
4 125 116 108 20
4 125 116 108 20
4 125 116 108 20
4 125 116 108 20
116 20
4 125 116 108 20
4 125 116 108 20
125 20
4 125 116 108 20
4 125 116 108 20
125 116 20
4 125 116 108 20
4 125 116 108 20
125 116 20
125 116 20
4 125 116 108 20
125 116 20
125 20
112 20
4 125 116 108 20
4 125 116 108 20
125 116 20
4 125 116 108 20
112 20
4 125 116 108 20
4 125 116 108 20
4 125 116 108 20
125 20
112 20
4 125 116 108 20
4 125 116 108 20
4 125 116 108 20
4 125 116 108 20
4 125 116 108 20
4 125 116 108 20
125 116 20
125 116 20
4 125 116 108 20
4 125 116 108 20
4 125 116 108 20
4 125 116 108 20
125 116 20
4 125 116 108 20
125 116 20
4 125 116 108 20
125 116 20
4 125 116 108 20
4 125 116 108 20
4 125 116 108 20
125 116 20
4 125 116 108 20
4 125 116 108 20
116 20
4 125 116 108 20
4 125 116 108 20
4 125 116 108 20
4 125 116 108 20
4 125 116 108 20
4 125 116 108 20
4 125 116 108 20
125 116 20
4 125 116 108 20
116 20
116 20
116 20
104 73
125 116 20
4 125 44 20
125 116 20
125 116 20
116 20
125 116 20
4 125 116 108 20
125 20
112 33 20
125 116 20
125 20
125 20
33 20
4 125 116 108 20
125 20
125 116 20
125 116 20
125 116 20
125 116 20
125 20
125 20
4 125 116 108 20
4 125 116 108 20
125 116 20
125 20
125 20
4 125 116 108 44 20
4 125 116 108 20
4 125 116 108 20
4 125 116 108 20
4 125 116 108 20
125 20
125 116 108 20
125 116 108 20
125 20
125 116 108 20
125 20
125 20
125 116 108 20
125 116 108 20
125 116 20
45 112 33 20
125 116 108 20
125 116 108 20
125 116 20
125 116 20
125 116 108 20
125 116 108 20
125 20
125 116 108 20
125 116 108 20
125 116 108 20
125 20
125 116 20
125 116 108 20
125 116 108 20
125 116 108 20
125 116 108 20
125 116 108 20
44 20
125 44 20
125 20
125 44 20
57 20
125 44
125 20
125 20
125 116 20
125 116 20
125 20
125 116 20
125 116 20
116 20
125 116 108 20
125 116 20
125 20
125 116 108 20
125 116 108 20
125 20
54 137
125 116 108 20
125 116 108 44 20
125 116 20
125 116 20
125 116 108 20
125 116 20
125 116 108 20
125 116 20
125 20
125 116 20
125 116 108 20
125 116 20
125 20
1 33 45 112 17 44 20
125 20
125 20
4 125 116 108 20
125 116 108 20
125 116 20
125 116 108 20
125 116 20
125 116 20
125 20
125 116 20
125 116 108 20
125 116 44 20
125 116 20
125 116 20
125 116 20
125 20
125 116 44 20
125 116 44 20
125 116 20
125 116 108 20
112 20
125 116 20
125 116 20
116 20
125 116 108 20
125 20
125 116 108 20
116 20
125 116 108 20
125 116 108 20
125 116 108 44 20
116 20
125 116 20
125 116 57 20
125 116 108 20
125 116 108 20
125 116 20
125 20
125 116 108 20
116 20
125 116 108 20
125 116 20
125 116 20
125 116 108 20
125 20
125 116 108 20
125 116 20
125 116 20
125 116 108 20
116 20
125 20
125 116 20
112 20
125 20
125 116 108 20
125 20
125 116 108 20
125 116 108 20
125 116 108 20
125 116 108 20
125 116 108 20
125 116 108 20
125 116 108 20
125 116 108 20
125 116 108 20
125 20
125 116 108 20
125 116 108 20
125 116 108 20
125 116 20
125 116 108 20
125 116 108 20
125 20
125 116 108 20
125 116 20
125 116 20
125 20
125 20
125 116 20
125 116 20
125 116 20
125 20
125 116 108 20
125 20
125 116 108 20
125 20
125 116 108 20
125 116 108 20
125 116 108 20
125 116 108 20
125 116 108 20
125 20
125 116 108 20
125 116 108 20
125 116 108 20
125 116 20
125 20
125 116 20
125 20
112 20
112 20
125 116 20
125 116 20
112 20
125 116 20
125 20
125 116 20
125 20
125 20
125 20
114 87
125 20
125 20
125 116 20
125 116 20
125 116 20
125 116 20
45 125 116 17 33 20
125 116 108 20
57 20
125 20
125 20
57 20
125 20
125 20
125 116 20
125 20
125 116 20
125 116 20
125 116 108 20
125 116 20
45 33 20
125 20
125 20
125 20
125 116 108 20
125 116 108 20
125 116 20
125 116 20
125 116 108 20
125 20
125 116 20
125 116 20
25 104 73
125 20
116 20
116 20
125 116 20
125 116 20
112 20
125 116 108 20
116 20
125 116 20
116 20
125 20
125 20
125 20
116 20
125 20
125 116 108 20
116 20
125 116 20
125 116 20
116 20
125 116 108 20
125 20
125 20
63 52
125 116 108 20
125 116 20
125 20
125 116 20
125 116 20
125 20
125 116 20
125 116 20
57 20
125 116 20
125 20
125 116 20
116 20
125 116 108 20
125 116 108 20
125 116 20
125 116 20
125 20
125 116 20
125 20
125 116 20
125 116 20
86 142
125 20
125 20
57 20
116 20
125 116 20
125 116 20
125 116 108 20
125 20
45 136 125 116 17 20
125 116 20
125 20
125 116 108 20
136 86
125 20
125 116 20
125 116 20
45 136 4 125 116 17 20
125 116 20
125 116 108 20
125 116 20
125 116 20
125 116 108 20
125 116 108 20
125 20
1 20
125 116 108 20
125 116 20
125 20
125 116 20
125 116 20
125 116 20
125 116 108 20
125 116 108 20
125 116 20
116 20
125 20
125 116 108 20
125 116 20
116 20
116 20
125 116 108 20
125 116 108 20
125 116 20
116 20
125 116 20
125 116 20
125 116 108 20
125 116 20
125 116 108 20
125 116 20
125 116 108 20
116 20
116 20
125 116 20
125 116 20
125 116 108 20
125 116 20
125 116 108 20
125 116 108 20
125 116 108 20
116 20
125 116 108 20
125 20
125 116 108 20
125 116 108 20
125 116 108 20
116 20
125 116 108 20
125 116 108 20
1 125 116 20
112 20
125 116 108 20
1 20
1 125 116 20
125 116 20
45 136 33 20
125 20
45 136 17 33 20
125 116 20
125 20
125 116 20
125 116 20
125 116 108 20
125 116 20
125 116 20
116 20
125 116 20
125 20
125 116 20
125 116 20
125 116 20
125 20
125 20
125 20
125 116 20
125 116 20
125 20
125 116 20
125 116 20
125 116 108 20
125 20
125 116 20
125 20
125 116 20
116 20
116 20
116 20
125 116 20
1 116 20
116 20
23 20
116 20
116 20
116 20
116 20
125 116 20
1 116 20
116 20
23 20
116 20
125 116 20
23 63 1 125 116 140 61 20
116 20
125 116 20
23 63 1 125 116 140 61 20
116 20
116 20
116 20
116 20
125 116 108 20
116 20
23 63 1 125 116 140 61 20
116 20
116 20
116 20
125 116 108 20
116 20
23 63 1 125 116 140 61 20
116 20
116 20
116 20
108 20
116 20
125 116 108 20
116 20
116 20
116 20
125 116 108 20
108 20
116 20
125 116 108 20
125 116 108 20
125 116 108 20
108 20
116 20
116 20
116 20
125 116 20
57 20
125 116 20
23 63 1 125 140 116 61 20
136 20
125 116 20
116 20
136 20
45 33 20
125 20
125 20
125 116 20
125 20
136 20
125 116 20
125 116 20
125 20
125 116 20
125 116 20
118 20
125 116 20
125 20
125 116 20
125 116 20
116 20
125 116 20
108 20
125 116 20
125 108 20
23 63 125 140 116 61 20
125 116 20
125 20
23 63 125 140 116 61 20
23 63 125 140 116 61 20
125 116 20
23 63 125 140 116 61 20
125 116 20
125 116 20
23 20
116 20
23 63 116 61 20
125 116 108 20
23 63 61 20
125 130 129 116 61 38 57 20 23 63 93 56 108 41 1
23 63 125 116 140 61 108 20
45 125 116 17 33 20
17 20
125 20
17 20
125 116 20
108 20
23 63 125 116 61 20
125 116 20
116 20
125 116 20
125 116 20
125 116 20
125 116 20
116 20
125 116 20
125 116 20
116 20
125 116 20
116 20
116 20
116 20
116 20
116 20
116 20
23 63 116 61 20
116 20
116 20
116 20
100 20
116 20
116 20
116 20
23 63 116 61 20
23 63 116 61 20
23 63 116 61 20
116 20
23 63 116 61 20
136 20
116 20
116 20
116 20
116 20
116 20
116 20
116 20
116 20
116 20
116 20
23 63 116 61 20
116 20
116 20
23 63 116 61 20
23 63 116 61 20
116 20
23 63 116 61 20
23 63 116 61 20
116 20
23 63 140 116 61 20
23 4 63 116 61 127 20
23 63 116 140 61 20
116 20
136 20
136 20
45 20
45 20
136 20
116 20
116 20
116 20
116 20
116 20
136 20
116 20
116 20
116 20
116 20
23 63 116 140 61 20
116 20
116 20
136 20
116 20
136 20
23 63 116 140 61 20
23 63 116 140 61 20
23 63 116 140 61 20
23 63 116 140 61 20
116 20
136 116 20
136 20
116 20
116 20
116 20
116 20
116 20
116 20
116 20
116 20
116 20
116 20
116 20
116 20
23 63 116 140 61 20
116 20
116 20
116 20
116 20
116 20
116 20
116 20
116 20
116 20
116 20
116 20
116 20
23 63 116 140 61 20
116 20
23 63 116 140 61 20
116 20
116 20
116 20
116 20
116 20
116 20
116 20
116 20
116 20
116 20
116 20
116 20
23 63 116 140 61 20
23 63 116 140 61 20
23 63 116 140 61 20
116 20
116 20
116 20
136 20
116 20
116 20
4 116 20
136 20
136 20
116 20
116 20
116 20
116 20
116 20
116 20
116 20
116 20
116 20
116 20
116 20
136 20
116 20
116 20
136 20
23 116 20
116 20
116 20
136 20
116 20
116 20
136 20
116 20
116 20
116 20
69 27 138 20
23 136 116 20
116 20
23 116 20
116 20
136 116 20
116 20
116 20
116 20
116 20
136 20
136 20
136 20
136 20
116 20
136 20
136 116 20
136 20
136 20
136 20
116 20
136 20
136 20
136 20
23 116 20
136 116 20
116 20
136 20
136 20
116 20
116 20
116 20
116 20
136 20
136 20
116 20
116 20
136 20
136 20
116 20
116 20
116 20
136 20
116 20
116 20
136 20
116 20
116 20
116 20
116 20
116 20
116 20
116 20
45 136 33 20
116 20
116 20
116 20
116 20
68 20
116 20
116 20
116 20
116 20
116 20
116 20
116 20
116 20
113 22
22 82
22 106
23 93 85
23 57
23 77 140
23 93
23 93
23 43
23 93
23 102
23 115
23 93
23 57
23 63 93 38
23 115
23 63
23 63
23 115
23 116
23 8
23 8
23 63
23 116
23 115
23 63 93 115
23 115
23 63 115
23 63 93
23 63
23 63
23 116
23 108
23 63
23 93
23 63
23 125
23 63
23 63
23 115
23 115
23 63
23 125
23 115
23 63
23 43
23 1 43 2 117 93 8 85
23 43
23 63
23 93 38
23 93 38
23 12
23 136
23 118
23 93
23 12
23 104 93
23 115
23 12
23 117
23 63
23 93
23 77
23 140
23 93
23 93
23 93
23 63
23 63
23 63
23 12
23 125
23 125
23 1 85
23 93
23 125 116 57
23 12
23 12
23 1 43 125 2 117 74 93 8 85
23 136
23 63
23 64
23 43 56 8
17 33
23 125
23 43 56 8
23 63
23 63 2 93 115
23 1 43 2 117 93 8 85
23 43
23 125
23 136
23 125
23 136 1
23 43
23 43
23 43
148 2 21 85 43 125 130 8 129 74 79 38 23 117 93 1
23 136
23 118
23 57
23 63
23 63
23 43
23 43 56 8
23 57
23 64
23 125
23 125
23 63 8
23 63
23 85
23 125 93
23 136
23 125 93
23 136
23 63
23 12
23 64
23 64
23 63
23 63 43 140 116
23 63 43 140 116
23 118
23 12
23 102
23 43
23 125 116
23 1 136 117 93 85
23 12
23 56
23 136
23 148
23 118
23 12
23 63
23 63
23 43
23 111
23 63
23 63
23 63
23 115
23 43 12
23 43
23 63 117 79
23 63 117
23 136 63
23 63
23 93
23 63
23 93
23 93
23 63
23 63 140
23 63 93
23 63
23 63
23 140 64 118
23 140 64 118
23 57
23 57
23 63
23 43
23 63 140
23 63
23 63
23 43
23 12
23 24
23 11
23 63
23 61
23 61
23 12
23 63
23 63
23 63
23 63 61
108 24
108 24
43 24
15 24
118 24
108 24
43 108 24
43 24
64 118 24
43 24
43 33 24
43 108 24
33 24
43 33 24
15 24
108 24
43 24
57 24
15 24
33 24
33 24
140 64 24
15 24
15 24
33 24
25 89
25 90
54 25 90
25 90
25 90
54 25
25 90
25 114
25 114
25 78
25 114
54 25
25 114
25 143
25 90
54 25
25 90
25 90
54 25
25 143
26 117
26 103
26 64
26 140
27 76 33
27 138
27 138
27 36
27 138
27 36
27 138
27 36
27 36
27 36
27 36
68 146 27 138
27 17
146 27
146 27
27 36
27 138
27 138 45
27 45
27 45
27 36
27 45
27 36
27 138
146 27
69 27 96 138 45
69 27 96 138 45
27 96
27 36 46
27 36
27 76
27 138
53 27
69 27
27 138
69 27
27 76 45
27 45
69 27
27 45
27 36
27 36
27 36
27 36
27 36
27 45
27 46
27 36
27 36
27 45
27 45
27 45
27 45
27 45
27 45
27 45
68 146 27 138 45
27 45
27 45
27 17
27 138
27 36 110
68 146 27
53 27
27 17
28 51
28 79
63 28 79
63 28
28 79
63 28 79
28 79
136 28
63 28
28 79
28 79
28 79
63 28
28 93
28 134
136 28
28 79
28 93
28 134
28 134
28 51
14 28
9 28 51
9 28
28 107
14 28
14 28
136 28
136 28
63 28
63 28
63 28
63 28
148 28
28 79
28 51
28 65
128 28
28 65
128 28
128 28
128 28
128 28
128 28
128 28
28 19
28 19
148 28
148 28
14 60 28
28 51
29 28 65 51
148 28
28 51
28 51
28 41
28 41
28 51
28 51
28 51
28 41
28 41
136 28
136 28
28 51
28 51
9 28 51
148 98 28
63 28
63 28
28 41
28 41
28 51
28 51 41
28 51 41
28 51
28 79
148 28
148 28
28 41
7 28
7 28
148 28
148 98 28
98 28
98 28
148 98 28
148 98 28
98 28
148 28
28 51
29 97
29 41
29 65
29 41
29 97
29 97
6 30
54 30
40 30
74 30
74 30
40 30
74 30
7 32
14 32
4 32
4 32
32 104
32 137
17 33
17 33
112 33
112 33
112 33
112 33
112 33
112 33
33 45
33 45
112 33
17 33
112 33 45
112 33
112 33
112 33
17 33
112 33
112 33
53 33 45
112 33
112 33
17 33
112 33
53 33
132 55
112 33
112 33
112 33
53 33
112 33
33 45
112 33
112 33
112 33
53 112 33 45
53 33 45
53 33 45
33 45
112 33
112 33
112 33
53 33 45
53 33
112 17 33
112 33
112 33
53 33
17 33
33 46
53 33
112 33
53 33 45
112 33
53 33 45
17 33
53 33
33 45
112 33
112 33
17 33
112 33
46 112 33 45
53 33 45
33 45
17 33
17 33
53 33
112 33
53 33 45
112 33
53 33
17 33
112 33
112 33
112 33
112 33
112 33
33 45
53 33 45
33 46
17 33
33 46
112 33
53 33
112 33 45
53 33 45
17 33
112 33
17 33
112 33
112 33
112 33
33 45
17 33
112 33
112 33
112 33
53 33 45
112 33
53 33
112 33
27 33 45
69 33
112 33
53 33 45
53 33
53 33
53 33
112 33
27 33 45
33 45
112 33
112 33
33 138
112 33
53 33
112 33
17 33
54 25 90
112 33
112 33
112 33
112 33
17 33
76 33 52
112 33
112 33
112 33
112 33
33 45
53 33 45
53 33
43 104
53 33 45
112 33
27 33
112 33
112 33
112 33
53 33
17 33
112 33
33 45
33 52
112 33
47 55
76 33
53 33
33 52
53 33
112 33
33 45
53 33 45
112 33
53 112 33
112 33
112 33
17 33
17 33
112 33
112 33
142 33
33 45
76 33
112 33
112 33
17 33
112 33
112 33
53 112 33 45
112 33
45 53 33 46
33 45
112 33
112 33
33 46
33 45
112 33
25 90
17 33
112 33
112 33
112 33
112 33
112 33
17 33
112 33
112 33 45
112 33
33 20
112 33
110 33
110 33
33 138
112 33
33 138
112 33
33 45
33 45
17 76 33 46
17 76 33 46
112 33
112 33
112 33
112 33
53 33
112 33
53 33
112 33
17 33
17 33
112 33
112 33
112 33
55 2 95
112 33
53 33 45
53 33 45
112 33
112 33
53 33 45
53 33 45
36 46
36 46
112 36
36 46
36 46
36 46
36 46
36 46
36 46
36 46
36 46
36 46
36 17 76 46
36 46
36 76
53 36 110 45
53 36 110 45
36 46
36 45
36 45
36 45
36 45
36 45
36 45
36 46
36 45
36 46
36 46
36 46
36 46
36 45
27 36
36 46
36 46
36 46
36 46
36 46
36 46
36 46
36 46
36 46
36 46
36 45
27 36
36 46
36 46
36 76
27 36 138
36 46
36 17 76 33 45
36 46
36 33
36 33
36 46
36 46
46 36 76 33 45
36 45
36 46
36 46
36 46
36 76
36 46
36 46
36 46
36 45
36 138
36 45
36 45
36 45
36 45
36 45
46 68 36 138 45
68 36
36 46
36 45
36 46
36 45
27 36
36 45
36 45
36 76
36 46
36 46
36 46
36 46
36 46
36 46
36 46
36 46 52
36 46
36 46
46 36 17 76 33 45
36 46
36 46
36 46
36 45
36 45
36 45
36 46
36 46
36 46
36 45
36 45
36 45
36 45
36 52
36 46
36 45
36 46
36 45
36 46
36 46
36 46
36 46
36 46
36 46
36 46
27 36
36 46
36 46
36 46
36 46
36 46
36 46
36 46
36 46
36 46
36 45
36 45
36 46
36 46
36 46
36 46
36 46
36 46
36 46
36 138
36 138
36 46
36 46
36 46
37 135
37 135
37 85
37 135
37 117
37 117
37 135 48
37 135 48
37 135 48
37 135 48
37 135 48
37 135 48
37 135 48
37 135 48
37 135 48
37 117
37 135 48
37 135 48
37 135 48
37 135 48
37 135 48
37 135 48
37 135 48
37 135 48
37 135 48
37 135 48
37 117
37 48
37 117
37 135
37 135 48
37 135 48
37 135
37 135 48
37 135 48
37 135 48
37 48
37 135 48
37 89 99 48 85
37 135
37 135
37 85
37 135
26 37 48
37 135
37 135
37 135
37 135
37 135
37 48
37 89 99 48 85
37 135
37 85
37 135
37 85
37 135 48
37 85
37 85
37 135 48
37 117 85
37 103
37 135
37 85
37 85
37 85
37 48
37 48
37 48
37 50 89
37 48 85
37 48
37 85
37 85
37 48
37 135 48
37 103
37 48
37 89
37 135 48
37 103
37 135 103 48
37 89 99 48 85
37 89 99 48 85
37 48
37 135
26 37
37 103
37 135 103 48
37 135 103 48
37 135
37 135 103 48
37 48
37 135
37 135
37 135
37 135
37 135
37 48
37 66 19 48
37 135 48
37 135 48 85
37 135 103 48
37 135 103 48
37 135
37 135
37 135 103 48
37 50 89
37 135 99 85
37 135
37 135 103 48
37 135 103 48
37 135 48
37 135 103 48
37 135 48
37 135
37 135
37 135 103 48
37 135 19 48 85
37 135
37 135 48
37 135 103 48
37 135 103 48
37 135 48
37 19
37 89 99 48 85
37 48
37 48
37 135
37 50
37 135
37 135
37 48
37 48
37 135 48
37 135 103 48
37 135 48
37 78
37 48
37 48
37 135
37 135 48
37 48
37 48
37 48
37 135
37 135
37 78 135 48
37 135
37 99 85
37 85
37 48
37 85
137 44
37 50
37 135 48
37 135
37 135
37 89
37 135
37 135 48
37 135
37 48
37 48
37 48
37 19
37 89
37 135
37 50
37 50
37 89
37 89
37 48
37 135
37 85
37 135
37 135
37 135
37 59
37 135
37 48
37 135
37 85
37 89
37 99 59
37 135 99
37 99
37 48
37 30
37 50
37 48
37 48
37 135
37 135
37 85
37 85
37 85
37 85
37 48
37 48
37 48
37 48
37 59
37 59
37 135 50
37 135 50
37 135 50
37 135 50
37 135
37 135
128 37 48
37 59
128 37 48
37 59
37 50 48
37 50
37 59
26 37
37 135
37 99
37 50
37 91
37 78 59 79
37 59
37 59
37 85
37 135
37 135
37 135
37 88
37 88
37 88
37 135
37 73
37 73
37 135
37 135
37 73
37 73
37 73
37 88 73
37 88 73
37 88 73
37 73
37 73
37 73
37 88
37 135
37 88
37 135
37 73
37 135
37 135
37 73
37 88
37 135
37 88
37 135
37 73
37 135
37 88
37 46
37 88
37 88
37 88
37 88
37 73
37 73
37 73
37 73
37 73
37 73
37 73
37 73
37 73
37 88
37 88
37 53
60 38
144 38
70 39
101 39
59 70 39
59 70 39
59 39
70 39
59 70 39
59 39
112 39
70 39
70 39
70 39
59 39
70 39
70 39
145 39
70 39
145 39
145 39
70 39
70 39
70 39
145 39
145 39
145 39
145 39
70 39
145 39
145 39
145 39
70 39
70 39
70 39
70 39
145 39
145 39
145 39
95 39
145 39
145 39
145 39
70 39
145 39
145 39
132 55
59 39
70 39
145 39
70 39
70 39
145 39
80 59 39
80 39
70 39
80 59 39
145 39
145 39
80 59 39
59 39
59 39
145 70 39
145 39
145 39
145 39
80 59 39
145 39
145 39
40 39
145 39
145 39
145 70 39
59 39
145 70 39
145 39
145 39
145 39
145 39
145 39
70 39
145 39
70 39
145 39
59 39
70 39
101 39
145 70 39
145 39
145 39
145 70 39
145 39
145 39
39 41
70 39
70 39
80 59 70 39
39 142
43 61
70 39
70 39
70 39
145 39
145 39
70 39
70 39
70 39
123 39
2 40
75 147 40
80 40
2 40
147 40
147 40
41 115
107 41
117 41
4 41 1
107 41
65 41
41 115
107 41
29 65 107 97 41 1
133 41
51 41
117 41
98 41
29 51 41
58 41
62 41 1
41 1
62 41 1
107 41
107 41
107 41
122 41
107 41
63 41
63 41
62 41
133 29 122 62 65 41 1
107 41
41 1
133 29 122 107 62 65 51 41 97 1
107 41
107 41
107 41
65 107 97 41 1
51 41
145 65
107 41
107 41
107 41
107 41
107 41
41 1
65 97 41
133 29 122 62 41
133 29 122 62 107 51 41
107 41
41 1
41 1
65 41
51 41
136 41
65 41
41 142
41 1
65 41
107 41
133 62 107 41
112 41
133 29 51 41
4 41
112 41
65 97 41 1
51 41 1
107 41
29 41
4 41
55 114
107 41
107 41
2 41
75 41
133 29 62 107 65 51 41
41 39
133 122 62 41
62 41
29 51 41
112 41
41 1
65 41
63 41
133 112 62 107 65 51 41
133 62 41
107 41
41 142
41 1
62 41
29 41
133 29 65 107 62 51 41 1
122 41
62 41
133 62 41
97 41
29 41
136 41
63 61 51 41 1
107 41
4 41 84
29 41 1
133 122 112 62 65 97 41
4 41 84
107 41
133 29 107 51 41 1
136 137 41
97 41
107 41
136 41
62 107 136 29 65 51 6 145 120 97 41
62 107 136 29 65 51 6 145 120 97 41
4 130 41 84
62 107 136 29 65 51 6 145 120 97 41
63 41
107 41
62 107 136 29 65 51 6 145 120 97 41
120 51 41
65 41
97 51 41
120 29 65 62 97 51 41
62 107 136 29 65 51 6 145 120 97 41
28 41
145 41
62 107 136 29 65 51 6 145 120 97 41
28 41
28 41
28 41
62 107 136 29 65 51 6 145 120 97 41
107 41
41 84
63 41
63 41
62 107 136 29 65 51 6 145 120 97 41
136 120 145 62 65 97 51 41 107
97 41
41 85
29 62 65 97 51 41
136 120 145 62 65 97 51 41 107
136 120 145 62 65 97 51 41 107
136 41
136 120 145 62 65 97 51 41 107
63 41
51 41
136 41
136 120 145 62 65 97 51 41 107
136 120 145 62 65 97 51 41 107
65 41
136 41
136 120 145 62 65 97 51 41 107
136 41
136 120 145 62 65 97 51 41 107
120 97 51 41
97 41
128 41
4 41 84
136 120 145 62 65 97 51 41 107
136 120 145 62 65 97 51 41 107
63 41
136 120 145 62 65 97 51 41 107
2 41
2 41 85
136 120 145 62 65 97 51 41 107
136 120 145 62 65 97 51 41 107
136 120 29 145 62 65 97 51 41
63 2 41
63 41
136 41
63 41
59 41
120 145 41
136 120 29 145 62 65 97 51 41
136 41
63 41
51 41
51 41
59 41
28 41
28 41
4 41
59 41
136 120 29 145 62 65 97 51 41
63 41
136 41
120 145 59 41
63 41
136 120 29 145 62 65 97 51 41
59 41
120 29 145 62 65 97 51 41
59 41
62 41
145 41
136 120 29 145 62 65 97 51 41
4 41
59 41
59 41
97 41
120 41
59 41
120 41
97 41
136 120 29 145 62 65 97 51 41
59 41
59 41
61 41
136 120 29 145 62 65 97 51 41
136 41
148 28 41
32 42
42 137
32 42
42 137
42 130
32 42
32 42
43 132 104 108
42 113
42 113
32 42
42 131
42 131
114 87
42 131
42 131
42 106
32 42
32 42
42 131
42 131
32 42
119 42
42 131
42 131
42 131
42 131
42 131
42 131
42 131
42 131
42 131
42 131
42 131
119 42
42 113
42 121
42 131
43 132
43 61
43 104
43 25
43 132 104
43 104 108 57
43 104
43 104
43 132
43 108
43 108
43 61
43 108
43 132
43 132 108
43 15
43 104
43 108
43 132
43 132
43 15
43 140
43 140
43 132
43 132
43 23
43 132
43 61
43 108
43 132
43 23
43 93
43 132
43 132
43 132
43 132
43 63 12
43 132
43 132
43 132
43 61
43 15
43 132
43 56
43 132
43 23 63 115
43 57
43 132
43 108
63 85
43 108
43 132 104
43 108
43 61
43 108
43 23
43 61
43 104
43 63
43 104
43 116
43 23 63
43 108
43 23
43 104
43 23
43 23
43 23 63
43 77 115
43 132
43 132 104 108
43 132 104 108
43 132 104 108
43 104
43 104
43 104
43 57
43 104
43 12
43 115
43 108
43 23
43 15
54 103
43 23
43 104
43 15
43 24
43 24
43 132 104
43 63 23
43 23 140
43 132
43 132
43 132 104 108
43 132
43 132
43 104
43 104
43 132
43 24
43 24
43 104
43 63
43 132 104 108
43 104
43 63 23 140 116 61 12 57
122 65 97
43 61
43 104
43 132
43 132
43 15
43 132 104
43 104
43 15
43 132
43 24
43 24
43 104
43 61
43 104
43 23
43 132
43 132
43 104
43 15
44 127
32 130 137 44
125 44
109 44 18
4 116 108 44
44 18
109 44
109 44
20 125 108 44 1
18 4 32 125 130 109 108 44 84
17 44
125 108 44 20
1 4 18 32 130 109 17 108 44 84
84 4 32 130 109 137 44 18
4 32 125 116 44
125 108 44
32 44
44 20
44 20
4 125 108 44
44 127
125 44
44 127
125 44
125 144 108 44
125 44
125 108 44
125 44
125 44
125 44
125 44
125 44
125 44
125 44
125 44
125 44
4 44 18
113 44
108 44
108 44
113 44
4 125 116 108 44 57
125 44
125 108 44
125 44
125 44
43 125 51 44 4 116 57 20 108 41 12 1
43 125 51 44 4 116 57 20 108 41 12 1
125 44
125 44 18
43 125 51 44 4 116 57 20 108 41 12 1
43 125 51 44 4 116 57 20 108 41 12 1
43 125 51 44 4 116 57 20 108 41 12 1
43 44
43 125 51 44 4 116 57 20 108 41 12 1
108 44
125 44
43 125 51 44 4 116 57 20 108 41 12 1
108 44
125 44
125 44
125 44
43 125 51 44 4 116 57 20 108 41 12 1
108 44
125 44
125 44
125 108 44
43 125 51 44 4 116 57 20 108 41 12 1
43 125 51 44 4 116 57 20 108 41 12 1
44 20
109 44
43 125 51 44 4 116 57 20 108 41 12 1
125 44 20
108 44
43 125 51 44 4 116 57 20 108 41 12 1
125 108 44
43 125 51 44 4 116 57 20 108 41 12 1
125 44
125 108 44
113 44
43 125 51 44 4 116 57 20 108 41 12 1
125 44
125 44
125 108 44
43 125 51 44 4 116 57 20 108 41 12 1
43 125 51 44 4 116 57 20 108 41 12 1
125 44
125 44
125 44
125 44
125 44
125 44
125 108 44
125 44
125 44
1 4 92 116 109 57 20 43 125 130 93 113 137 108 144 17 44 18
36 46
17 46
46 52
36 46
46 52
46 52
36 46
36 46
76 46
36 46
36 46
8 46
46 52
36 46
36 46
36 46
36 46
46 33
36 46
46 33
136 20
46 33
46 52
46 33
46 33
46 52
46 33
46 33
46 52
8 46
46 33
36 46
76 46
36 46
46 52
46 33
36 46
46 33
46 33
36 46
36 46
46 33
76 46 33
46 33
46 52
76 46
36 46
46 33
53 36 46
36 46
46 33
36 46
36 46
36 46
46 33
46 33
36 46
46 52
46 33
46 33
46 52
52 46 33
46 33
46 52
36 46
46 33
46 52
76 46
46 33
46 52
46 33
46 33
46 33
36 46
46 33
36 46
36 46
36 46
46 33
36 46
36 46
46 33
36 46
46 52
36 46
36 46
36 46
45 17 76 46 33
76 46
36 46
46 52
36 46
36 46
36 46
36 46
36 46
36 46
46 33
76 46
46 52
76 46
46 52
36 46
36 46
36 46
46 52
46 52
36 46
36 46
68 46
46 33
27 76 46 45
76 46
46 45
68 46
36 46
36 46
36 46
36 46
46 45
36 46
17 46 33
46 52
36 46
36 46
36 46
36 46
36 46
36 46
36 46
36 46
17 46 33
36 46
36 46
36 46
46 52
36 46
36 46
36 46
36 46
17 46
17 36 46
17 36 46
17 36 46 33
36 46
46 33
36 46
36 46
36 46
36 46
36 46
36 46
47 5
47 114
47 55 87 5
47 55 114 87 5
47 90
47 114
47 12
47 114
47 55
47 55
47 5
47 55 114 87 5
47 55
47 55
47 114
47 55
47 55
47 55 114 87 5
47 55
47 5
47 5
47 90
47 55 114 87 5
47 114
47 55 114 87 5
47 55 114 87 5
47 87 5
47 55 114 87 5
47 55 5
47 55
47 55 114 87 5
47 114
47 114
47 5
47 5
47 114
47 114 87
47 55 114 87 5
47 55
47 55
47 55 114 87 5
47 114 87
47 86 114
47 55 86 104 114
47 90
47 55 86 104 114
47 90
47 55
47 55 86 104 114
47 55 86 104 114
47 55 86 104 114
47 55 86 104 114
47 55 86 104 114
47 55 86 104 114
47 55 114 87 5
47 55 114 87 5
47 55 86 104 114
47 90
47 55 86 104 114
47 55 86 104 114
47 55 114 87 5
47 55 114 87 5
47 104
47 55
47 55 86 104 114
47 55 86 104 114
47 55 86 104 114
47 55 114 87 5
47 55 114 87 5
47 55 114 87 5
47 104
47 104
47 55 114 87 5
37 48
48 95
48 85
37 48
48 85
37 50
50 85
50 85
51 41
51 41
128 51
145 51
63 51
63 51
52 57
140 52
17 52
76 52
17 52
17 52
17 52
17 52
52 46
45 52 46
102 52
52 46
52 57
52 46
63 52
63 52
63 52
63 52
56 52
63 52
56 52
52 115
27 52
77 52
114 143
17 52 46
17 52
63 52
52 46
140 52
140 52
63 52
52 46
53 138
53 138
53 64
53 45
53 110
13 53 69 138
53 27 138 45
53 27 138 45
13 53 69 138
53 27 36 46 45
13 53 69 138
53 69
53 27 110
13 53 69 138
68 53 138 45
13 53 69 138
53 110
68 53
53 110
13 53 69 138
53 96
53 138
68 53 146 27 138
53 96
53 96
53 138 45
68 53 146 27 138
53 69 45
54 132 55
54 108
54 25
54 25
54 25
54 25
54 25 90
54 90
54 86
54 136
54 136
54 136
54 136
54 136
54 136
54 143
54 143
54 90
54 103
54 25
54 103
54 103
54 25
54 6
54 143
54 25
54 90
54 136
54 108
54 86
54 137
54 137
54 137 62
54 90
54 90
54 25
54 25
54 25
54 137
54 136 137
54 137
54 90
54 90
54 90
54 25
54 25
54 143
54 90
54 25
54 90
54 90
54 25
54 143
54 25
54 25
54 25
54 137
54 137
54 90
54 137
54 137
54 25
54 90
54 143 137
54 90
54 137
54 90
54 90
54 137
54 137
54 137
54 137
54 25
54 90
54 25
54 25
54 137
54 117
54 90
137 90
54 25
54 25
54 137
54 25
54 90
54 136 83 117
54 25
54 25
112 62 65 97 51 41
54 25
120 65
54 137
54 143
54 25
54 25
54 137
54 25
54 25
54 25
54 25
54 25
54 25
54 90
54 137
54 25
54 90
54 90
54 90
54 137
54 90
54 90
54 25
54 25
54 83
54 25
54 90
54 25
54 25 90
54 25
54 137
54 90
54 90
54 25
54 25
54 90
54 25
47 55
132 55
132 55
132 55
47 55
132 55
132 55
47 132 55 114 5
47 55
55 129
132 55
55 5
47 132 55 114 5
47 132 55 114 5
47 132 55 136 114 5
132 55
132 55
132 55
47 132 55 114 5
47 132 55 114 5
47 132 55 114 5
132 55
55 104
47 114
47 55
47 132 55 114 5
55 114
47 132 55 114 5
132 55
132 55
132 55 104
47 132 55 114 5
55 114
55 61
47 55 5
55 61
47 55
55 5
47 55 5
132 55 114
47 132 55 63 114 5
47 55 5
47 55 5
47 132 55 114 5
55 114
55 114
25 55 114
55 114
132 55
132 55
55 114
132 55
25 55 114
55 57
55 114
55 114
55 114
55 114
55 114
132 55
132 55
47 132 55 114 5
54 25 55 132 47 104 114 5 90
132 55
47 55
47 132 55 114 5
47 132 55 114 5
132 55
132 55
132 55
132 55
132 55
47 55
132 25 55 104
132 55
132 55
132 55
132 55
132 55
132 55
132 55
132 55
132 55
55 104
132 55
47 55
132 55
55 114
55 61
132 55
55 5
132 55
132 55
132 55
132 55
132 55
132 55
47 55 5
132 55
55 114
47 132 55 114 5
55 114
132 25 55
132 25 55
25 55
25 55
47 55 5
132 55
132 25 55
132 25 55
132 25 55 104
132 25 55 104
132 25 55 104
43 55
132 25 55 104
132 25 55 104
132 25 55
132 25 55 104
132 55
55 114
132 25 55 104
55 104
132 25 55 104
132 25 55 104
132 25 55 104
132 55
132 25 55 104
132 55
47 132 55 114 5
132 25 55 104
132 25 55 104
132 55
132 25 55 104
132 25 55 104
132 25 55 104
132 25 55 104
25 55
132 25 55 104
132 25 55 104
47 132 55 114 5
47 55 5
132 25 55 104
132 25 55 104
55 130
132 25 55 104
55 114
104 93
47 132 55 114 5
148 55 130
132 25 55 104
132 55
132 25 55 104
132 25 55 104
54 55
132 25 55 104
132 55 114
132 25 55 104
25 55
25 55
47 132 55 114 5
132 25 55 104
132 25 55 104
148 55 130
132 25 55 104
132 25 55 104
132 55
132 55
132 25 55 104
132 25 55 104
55 114
132 55
55 61
132 25 55 104
25 55 104
25 55 104
47 55
47 132 55 114 5
55 114
25 55 104
25 55 104
47 132 55 25 114 5
25 55 104
25 55
25 55 104
25 55 104
25 55 104
47 55
47 132 55 114 5
25 55 104
25 55 104
47 132 55 114 5
25 55 104
25 55 104
148 55 130 21
25 55 104
25 55 104
25 55 104
132 55 61
25 55 104
132 55
132 55 61
25 55 104
132 55
47 55
132 55
47 132 55 114 5
25 55 104
132 55
25 55 104
47 132 55 114 104 5
25 55 104
25 55 104
25 55 104
132 47 55 61
25 55 104
132 55
25 55 104
148 55 130 21
47 132 55 114 5
25 55 104
47 132 55 114 5
47 132 55 114 5
47 132 55 114 5
132 55
25 55
25 55 104
25 55
132 55
25 55 104
25 55 104
25 55 104
47 132 55 114 5
25 55 104
132 55
47 132 55 114 5
47 132 55 114 5
47 132 55 25 114 5
47 55
47 55
132 55 114 5
132 55 114
47 55
132 55
132 55 114 5
132 55 114 5
47 55
47 55
47 25 55 104
132 55 114 5
132 55
132 55
47 25 55 104
47 55
47 55
132 55 114 5
47 25 55 104
47 25 55 104
47 25 55 104
132 55 114 5
47 25 55 104
47 25 55 132 104
47 25 55 104
47 25 55 104
47 55
55 114
25 55
47 25 55 104
25 55
47 25 55 104
132 55
132 55
47 25 55 104
47 25 55 104
47 25 55 104
47 25 55 104
132 55 114 5
47 25 55 104
47 25 55 104
55 61
132 55 114 5
47 25 55 104
132 55
47 25 55 104
132 55 114 5
132 55 114 5
132 55 114 5
55 5
47 25 55 104
25 55
55 61
47 25 55 104
132 55 114 5
47 25 55 104
132 55 114
55 5
47 25 55 104
132 55 114 5
47 25 55 104
47 25 55 104
47 25 55 104
55 61
55 61
55 61
47 25 55 104
47 25 55 104
55 114
132 55 114 5
132 55
47 25 55 104
55 130
132 54 55 114 5
55 114
55 104
47 25 55 104
47 25 55 104
132 55
25 55
47 55
47 25 55 104
132 55
132 55 114 5
47 25 55 104
55 114
55 61
43 132 55
132 25 55 54 47 114 104 5
47 55
47 25 55 104
47 55
132 55 114 5
55 5
55 46
47 55
47 25 55 104
47 55
47 55
132 55
47 25 55 104
47 55
55 114
55 114
47 25 55 104
47 25 55 104
25 55
132 55 114 5
47 25 55 104
25 55
55 61
55 61
55 61
47 25 55 104
47 25 55 104
132 55 114 5
47 25 55 104
132 55 114 5
25 55
132 55
132 55
132 55 114 5
47 25 55 104
55 114
132 55 114 5
55 61
47 25 55 104
55 61
47 25 55 104
55 61
132 55
47 25 55 104
47 25 55 104
25 55
47 25 55 104
47 25 55 104
47 25 55 104
55 61
132 55
47 25 55 104
47 55
47 55
47 55
55 61
55 5
132 55 114 5
47 25 55 104
47 25 55 104
47 25 55 104
55 61
47 25 55 104
47 25 55 104
55 114
47 25 55 104
47 25 55 132 104
47 25 55 104
47 25 55 104
47 25 55 104
47 25 55 104
55 147 61
55 61
47 25 55 104
47 25 55 104
132 55 114 5
55 5
132 55 114 5
47 25 55 104
25 55
47 25 55 104
54 55
55 61
55 61
47 25 55 104
132 55 114 5
132 55
47 25 55 104
47 25 55 104
25 55
47 25 55 104
132 55 114 5
55 147 61
47 25 55 104
132 55 114 5
132 55 114
55 5
55 147 61
55 104
47 25 55 104
132 55 114 5
47 25 55 104
55 147 61
55 5
132 55
47 25 55 104
47 25 55 104
47 25 55 104
47 25 55 104
47 55
47 55
132 55 114 5
55 87 5
55 114 87 5
47 25 55 104
55 87 5
47 25 55 104
47 25 55 104
132 55 114 87 5
25 55
25 55
55 5
47 25 55 104
47 25 55 104
55 114
132 55 114 87 5
132 55
47 25 55 104
55 87
47 25 55
47 55
47 25 55
47 25 55
132 55 114 87 5
47 25 55
47 25 55
132 55 114 87 5
47 25 55
132 55
47 25 55
132 55
47 25 55
132 55 114
47 25 55
132 55 114 87 5
132 55
47 25 55
25 55
55 2 93 115
47 25 55
54 55
47 25 55
54 55
132 55
47 25 55
47 25 55
148 55 130 93 21
47 25 55
47 55
47 55
47 25 55
47 25 55
47 25 55
132 55
132 55 114
55 5
47 25 55
47 25 55
47 25 55
132 55
47 55
47 55
132 55
55 114
55 114
55 114
47 25 55
47 25 55
47 55
47 25 55
55 114
132 55 114
47 25 55
55 114
47 25 55
132 55 114 87 5
132 55 114 87 5
132 55
47 25 55
132 55 114 87 5
55 87 5
55 114
132 55 114 87 5
55 114
47 25 55
47 25 55
132 55 114 87 5
47 55
47 25 55
47 25 55
55 114
47 25 55
47 25 55
148 55 130 21
47 25 55
55 5
47 55
47 25 55
47 55
47 25 55
132 55 114 87 5
132 55 114
132 55
132 25 55
132 55 114 87 5
47 25 55
47 25 55
132 55
47 25 55
132 55 114 87 5
47 55
47 55
55 114
132 55
55 61
55 61
47 25 55
47 25 55
132 55 114 87 5
132 55 114
132 55 114
47 25 55
132 55
55 114
132 55 114 87 5
55 87 5
55 114 5
47 25 55
47 25 55
55 147 61
132 55 114 87 5
63 115
47 25 55
25 55
132 55
132 55
47 25 55
47 25 55
132 55
47 25 55 132
55 147 61
47 25 55
55 147 61
47 25 55
47 25 55
47 25 55
132 55 114 87 5
47 25 55
47 55
55 87
47 25 55
47 55
132 55 114 87 5
47 55
47 25 55
47 25 55
55 87 5
55 147 61
47 25 55
47 55
47 55
132 55 114 87 5
47 25 55
55 147 61
47 25 55
47 25 55
132 55 114 87 5
47 25 55
47 25 55
55 147 61
55 5
47 25 55
47 25 55
55 2 72 95
47 132 55
47 25 55
55 147 61
55 147 61
132 55 114 87 5
55 147 61
47 25 55
47 132 55
47 55
47 55
132 55 114 87 5
55 87 5
132 55 114 87 5
47 132 55
47 25 55
55 5
55 114
55 114
47 25 55
47 55
55 114
47 55
47 132 55
55 5
55 5
55 147 61
132 55
47 25 55
47 25 55
55 147 61
55 147 61
132 55 114
47 25 55
47 55
55 87
132 55 114 87 5
132 55 114
55 114
55 87 5
55 114
132 55 114 87 5
132 55
47 25 55
55 5
47 25 55
132 55
47 25 55
47 25 55
47 25 55
47 55
47 55
47 25 55
132 55 104
55 5
132 55
55 147 61
132 55 114 87 5
55 114
55 114
47 25 55
132 55
55 114
47 25 55
132 55
132 55 114 87 5
55 147 61
55 147 61
47 55
55 147 61
47 55
47 55
47 55
55 87 5
47 55
47 55
47 55
47 55
47 55
55 108
55 147 61
132 55
47 55
47 55
132 55 114 87 5
132 55
132 55 114 87 5
55 87 5
47 55
47 55
47 55
55 147 61
47 55
47 55
47 55
47 55
47 55
47 55
47 55
55 61
55 87
55 114
132 55
47 55
47 55
132 55
132 55
132 55 114 87 5
55 114
47 55
55 87
55 87
132 55 114 87 5
132 55
55 143
55 87 5
47 55
47 55
55 114
47 55
47 55
47 55
132 55
47 55
132 55 114 87 5
47 55
55 2 95
4 92 131 130 109 84 18
132 55 114 87 5
47 55
132 55 114 87 5
47 55
132 25 55
47 55
132 55
132 25 55
132 55
47 55
47 55
47 55
47 55
132 25 55
132 55 114 87 5
132 55
47 55
47 55
132 55 114 87 5
55 114
55 73
132 55 114 87 5
55 87 5
55 5
132 55 114 87 5
55 143
55 114
47 55
55 87
47 55
47 55
55 147
99 85
47 55
132 55 114 87 5
47 55
47 55
55 87
132 25 55
47 55
55 114
132 55 114 87 5
47 55
132 55 114 87 5
132 55 114 87 5
55 104
47 55
132 55
47 55
47 55
132 55
132 55
47 55
47 55
132 55 114
47 55
55 87 5
25 55
132 55
47 55
55 114
55 114
55 2
55 87
55 87
55 2 95
47 55
55 61
55 2 95
47 55
55 2 61
55 114
55 87
55 2 95
47 55
55 2 95
47 55
55 2 95
47 55
55 114
132 55 114 87 5
47 55
132 55 114 87 5
132 55
55 5
47 55
47 55
55 2 95
47 55
47 55
47 55
55 2 95
55 87
132 55 114 87 5
47 55
47 55
132 55
47 55
47 55
47 55
47 55
132 55
132 55
132 55
47 55
47 55
132 55 114
47 55
132 55
47 55
55 87
47 55
132 55
47 55
55 143
55 114
55 143
132 47 55 114 87 5
47 55
47 132 55
47 55
55 147
47 55
47 55
47 55
47 55
47 55
132 47 55 114 87 5
47 55
55 2 95
47 55
47 55
65 97
132 55 114 87 5
47 55
55 2 95
86 90
47 55
47 55
47 55
55 2 95
132 47 55 114 87 5
47 55
47 55
47 55
47 55
47 55
132 55 114 87 5
47 55
132 55
47 55
47 55
55 5
47 55 87 5
55 114
55 5
132 55 114 87 5
132 55
55 2 95
47 55 114 87 5
47 55 114 87 5
55 2 95
55 87
55 2 95
55 87
55 87
55 87
55 87
47 55 87 5
47 55 114 87 5
55 87
55 87
47 55
55 114
55 87
55 87
47 55
47 55
47 55
47 55
47 55 90
55 87
47 55
55 87
55 2 95
55 2 95
55 87
55 2 95
55 87
55 2 95
55 104
55 87
55 87
55 87
55 87
55 87 5
47 55 114
55 2 95
47 55 87 5
55 87
140 56
140 56
140 56
116 56
116 56
61 56
3 56
61 56
56 138
17 56
56 12
43 56 57
125 56
61 56
61 56
43 56
140 56
132 114
36 56
3 56
3 56
56 118
3 56
56 12
140 56
140 56
140 56
23 56
63 79
93 56
2 56
56 118
140 56
64 56
56 8
43 56
140 56
56 12
63 56 115
63 56
23 56
61 56
68 53 45
93 56
93 56
56 115
56 118
140 56
43 56
63 56
56 138
63 56
56 115
56 115
56 139
56 138
56 115
63 56
56 115
63 56
56 57
56 57
125 56
56 118
56 118
56 139
56 115
61 56
117 56
117 56 111
140 56
93 56
56 12
56 12
56 12
