46 96 138
25 47 55
8 30 39 49 59 70 101 141 143 145
37 85
43 108 140
53 68 110
1 122
61 63 140 147
1 2 41 56 85 115 117 129
61 77
86 114
1 63
82 144
24 43
61 140 147
140 147
56 147
6 62 65 71 97 112
41 62 133
4 18 32 44 84 109 130 137
108 114 132
2 40 72 75 80 95
3 118 127
1 29 41 51
2 41
17 53
23 140
56 118
43 104 108 132
6 39 70
14 60
55 73
41 51 97
17 33 36 46
23 85 93
56 57
13 102 126 134
54 62 137
85 111
86 142
47 90
61 63
4 20 23 61 63 116 127
27 45 69 96 138
20 33 45 112
23 64
73 90
100 104
59 79
12 57
20 23 61 63 108 116 125 140
86 104 132
5 25 90
27 96
15 25 43 47 54 55 86 90 104 108 114 132
1 2
46 57
115 118
2 63 72 85
8 61 63
41 148
119 121
56 61
75 95
33 76
56 140
43 73
2 114
74 85
70 107
41 59 120 145
2 128
54 90 137 143
63 115
2 41 85
77 140
104 114
87 137
115 147
1 136
131 137
91 128
62 133
55 114
45 76
53 69
17 138
62 129
20 33 45
20 43 44 108 125
19 128
28 63
19 28
29 41
33 69
2 95
4 20 125
36 96 138
107 112
27 45
41 63
20 44 57
4 97
33 45 53 112
27 45 68 69 138
50 78 79 85 99
113 121
64 76
42 144
8 64 116
57 104 116
5 90
54 86
1 85
5 47 55 87 114
8 23 61 63
24 64 118
20 33 45 136
17 46 52 76
41 120 145
12 63 140
55 86
90 128
65 84
1 2 8 23 43 85 93 117
2 111
13 53 69 138
79 101
23 104
39 41
25 55 104
43 93
17 46 52
15 73
43 115
23 63
106 121
28 65
17 56
86 90 142
71 86 123
26 99 108
43 57 93 108 116
4 44 108 125
27 45 68 138
6 145
8 12 23 63 77 115 118 140
70 128
1 43 57 85 125
12 63
1 11 41 66 74 78 85 117 129
23 64 118 140
63 79
27 45 46 76
33 45 53
23 52 77
46 68
27 76
1 2 74 85 111 117 129
11 115
23 61
11 78
79 117
20 125
12 23 63
8 23 61
4 41 84 130
70 80 95 101 145
1 29 41 51 107 133
1 29 41
1 8
28 107
22 42 67 82 119 121 131 144
5 55 87
8 141
45 46
6 19
23 116
1 41 66 85 117 129
20 33
55 57
57 63
96 110
25 73 132
1 51
56 93
12 57 64 118
17 45 76 138
2 56
20 44 57 108 116 125
23 63 85
73 132
45 46 76 138
3 93
8 147
39 117
62 120 128
43 61
8 75 80 112
80 95 112
39 70 145
15 24
85 115
3 61 77
20 108 125
44 57 125
33 53 112
45 138
113 131
8 132
28 79
25 114
1 29 41 62 65 97 122 133
20 112
27 36 46
47 55 87 114
30 74
11 48 78 85 99
59 97
37 48 128
29 41 51 62 65 97 120 145
4 44 57 108 116 125
51 79 136
27 110
59 120
86 136 137
101 141
23 77 140
1 41 65 97
39 59 80
22 42 67 119 121 131 144
63 147
54 90
33 46 52
17 20 44 116 125
17 33
41 107
8 59 70
12 23 43
4 20 44 116
18 32 84 92 109 130 131
56 139
61 125
20 57
27 45 76
140 148
93 147
77 138 146
119 144
4 18 44
110 112
56 138
3 61
7 60
24 108
23 108
36 110 138
1 4 12 20 41 43 44 51 57 108 116 125
23 115
2 41 61 85 136 148
32 93
86 99
4 20 44 116 125 127
20 23 61 63 116
5 87 114
42 119
33 110
25 90 143
69 86
93 104
1 2 11 41 58 63 66 74 78 85 111 117
5 47 55 114 132
78 90
86 111
12 23
40 91
2 93
41 84
11 61
93 144
57 64
29 41 51
54 137
2 115
29 41 51 62 65 97
27 33 76
2 61 63 140
23 24
1 6 29 41 51 62 65 107 112 120 122 133
6 65 70 71 97
4 20 44 108 116 125
36 45 69 138
62 137
52 115
54 137 143
36 45 53 110
108 116 125
23 63 136
4 84
7 102
2 129
17 36 46 76
1 29 41 51 62 65 71 107 122 133
68 112
59 65
67 119
55 130
1 2 8 9 14 21 41 51 63 74 79 85 93 111 128 129
45 69
37 91
77 118
43 57 93 104 108
28 63 79
41 75
43 132
47 108
8 63
23 56
61 63 93
28 51
58 61
81 119
25 54 90
65 122
123 142
2 79
32 44 130 137
7 28
41 51 62 65 107 112 133
45 138 146
123 136
1 117
47 55 86 104 114
139 141
2 55
68 110 138 146
72 75
42 121 144
18 144
8 140
68 96 138 146
37 59 78 79
20 44 57 116 125
62 65 71
2 40 72 75
1 133
27 138
12 56
76 138
39 145
36 56
104 125
23 38 93
27 33
103 117
45 46 76
20 23 116
23 136
20 53
1 147
39 59 70 145
90 123
73 125
17 20
39 123
39 136
58 132
8 77
7 126
75 129
27 53 68 138 146
29 145
6 112
2 58
47 87 114
86 143
46 76
67 121
24 33
5 114 143
90 123 142
65 71 97
45 69 96
68 69 96 138 146
23 93 104
68 69 96
68 110
33 45 138
2 40 72
43 108 132
54 83 117 136
111 137
61 108
62 65 97
24 57 64 118 140
1 129
5 25 47 55 114 132
23 63 117
53 64
56 111 117
18 44
41 62 107 133
4 20 116
47 55 61 104
90 137
107 120
27 45 53 68
23 43 140
22 42 67 81 119 121 131 144
8 12
61 129
12 77
25 47 55 104
33 86 112
115 129
1 23 85
6 88
43 104 132
20 23 116 136
1 29 41 51 122 133
36 45
55 114 132
6 65 112
1 2 8 21 23 38 43 74 79 85 93 117 125 129 130 148
4 32 44 116 125
8 23 63
6 70
44 137
41 65
23 77
77 115
55 87
33 45 46 112
8 56
8 39 59
33 142
23 102
41 120
54 108
85 139
104 108
45 146
66 117
23 129
17 52
61 104
34 144
4 32
28 136
63 77
15 114
55 129
1 117 129
18 109
2 85 111
6 29 62 65 97
3 56
41 51 62 65 97 112
26 37 48
17 76
70 103 128 143
5 55 87 114 132
106 144
27 45 112
1 57
2 85
27 110 138
23 111
47 55 90
44 108 125
41 58 62
17 20 45 112 116 125
43 104
27 45 138
1 2 11 41 58 72 74 75 78 85 117 129
60 129
56 125
109 131 144
65 66
108 125
20 116 125
63 74
4 20
23 63 93
109 113
5 114
43 55
61 63 140
20 136
4 17 20 45 116 125 136
6 65 71 97
73 86
6 80 112
33 96
40 80
8 118
59 101
3 115
5 55 132
17 33 46
20 33 112
12 57 77
4 20 44
1 41 65
1 66 85 117
72 79
54 55 132
8 104
95 112
2 140
57 116 125
97 142
24 64 140
4 92
71 112
97 107
6 29 41 51 62 65 97 107 120 136 145
45 69 138
2 75 129
1 41 65 97 107
59 85
43 57 93 104 108 140
37 85 117
63 111
21 61
3 61 77 140
41 51
93 104 148
70 101
6 8 30 97 123 141
45 53 138
4 20 116 125
24 118
66 85 117
37 135
52 57
6 111
115 140
37 53
44 127
1 4 12 23 41 43 44 57 63 64 118 125 140
25 47 55 104 132
1 29 41 62 65 122 133
79 85
80 101
38 93 129
2 80 95
23 148
36 46
34 131
22 82
57 118
8 63 115
2 79 117
55 130 148
6 39
5 47 55 104 114 132
45 68 138 146
23 93 125
33 138
4 65 98
43 57
45 53 68 112
15 108 132
43 108
40 147
37 85 99 135
58 75
1 4
59 117
17 36
20 116 136
55 143
56 63
29 41 51 62 65 97 120
8 115
45 76 138
2 55 72 95
39 59
44 108
57 115 118
57 140
2 55 93 115
1 4 41
17 33 46 76
51 120
1 29 41 51 62 65 107 133
6 74 111
48 58
8 23 43 56
79 135
50 85
41 59
41 133
34 106 131 144
20 57 125
54 136
15 115
8 145
1 52
71 86
23 77 115
33 45 46 53
37 88
1 20
54 103
56 102
14 32 93
28 148
55 87 114
8 12 23 24 46 52 61 63 64 76 77 116 140
86 132
56 64
23 43 57 93 104 108 140
62 65 71 97
71 90
1 120
28 98
20 23 61 63 116 125 140
5 25 47 54 55 104 114 132
15 64
3 132
6 85 111
45 112
23 116 125
1 20 23 61 63 116 125 140
63 93
39 95
59 142
87 132
54 88
21 104
27 68 69 96 138 146
61 140
20 44 116 125
15 104 132
63 64
22 42 82 106 119 121 144
6 62
73 114
79 98
62 112
57 125
20 57 108 116 125
1 62 133
79 85 99
1 23 136
20 44 108 125
55 147
33 52 76
71 86 142
41 122
61 148
63 125
61 63 117
6 19 59 65 70 80 145
1 8 23 63 93 115 117
44 109
30 54
22 113
83 117
37 48
27 53 110
20 108 116 125
59 80
127 144
109 131
5 55
55 61 132
57 108
84 131
52 56 76
1 29 41 51 62 65 97 107 122 133
37 46
20 44
104 108 116 125
12 77 118 132 142
48 85 89 99
56 63 115
69 96 110 138
39 59 70 80
86 90
114 137 143
43 55 132
47 55
33 45 76
1 132
44 113
104 132
23 57
8 61
6 8 39 49 59 70 95 107 112 141
85 114
20 44 116
84 130
8 41 61 63 85 136 140 148
1 2 8 63 85 93 117
58 115
6 62 65 70 71 97
7 28 60 129
108 140
25 43
33 45 46 69 76 138
1 125
56 111
11 58 85
23 63 93 115
17 36 46
37 50 89
90 114
47 104 114
39 59 70 80 95 101 112
6 62 65 70 97
11 37 48 50 58 78 85 89 91 99 135
6 39 65 70
6 19 29 41 62 65 78 85
86 137
54 117
53 110
98 133
1 29 41 51 62 65 97 107 112 122 133
71 117
26 64
34 106
5 47 55 114 132 136
33 86
54 55
1 41
15 104
37 48 78 135
