31 239
19 224
78 191
265 303
28 41 108
97 184
163 178
77 220
100 125
214 287
41 48 76
40 214
144 288
27 271
145 298
61 114 116 117
41 94
26 153 167
93 163
136 303
100 274
27 39
146 173
82 122
108 262
136 235
176 179 209
22 39
53 187
16 17 61
105 205
72 188 194
184 199
3 195
300 305
21 27
74 81
23 314
17 184 198
55 87 232
164 194
143 321
265 268
11 235
150 207
92 179 206
189 196
63 177
200 248
278 281
49 50
176 302
136 144 202
158 162
82 188
106 313
215 256
47 237
83 121
100 183
144 235 292
84 108
227 296
288 293
176 209 302
73 267
166 281
60 274
78 266
104 243
9 133
25 131
47 92 97
142 287 313
2 195
175 182
75 131
131 279 318
100 126 173 174
202 205 291
103 288 299
58 132 186
81 102
44 259
175 186
157 223
54 275
223 310
107 174
34 203
175 261 302
205 264
137 272
101 210
5 19 113
217 230
49 72 177
98 99 126 174
29 36
237 245 277
265 305
77 309
49 170 187
52 67 271
73 170
82 135
55 284
17 101
105 133 298
273 280
81 102 152
32 107 114
82 163 277
136 144 272
112 217 249
57 186
82 277
49 50 271
51 196 314
134 211
101 107
136 141
78 135
10 268
3 121
159 202 205
291 301 305
118 195
13 18 20
179 192
5 18 113
6 222 249
145 310
29 64 86
120 165
223 263
197 251
12 112 113
126 183
76 92
170 187
63 173 184
250 263
31 161
159 244 297
136 273
158 162 168
57 78 79
200 326
26 74
31 132 209
282 326
113 263
2 3
132 233
158 270
269 276
77 302
123 277
50 72
299 313
80 323
89 228
127 167
122 244
59 177 188
227 248
87 225
145 269 285
109 149
120 169
81 326
49 163
174 184
18 45 262
270 283
57 84 302
6 112 226
170 177 188
95 158 187
34 256
264 312
214 263 296
59 195 317
114 167
60 183
49 59
97 127
136 272 273
70 77
60 171 180 184
29 76 91
32 51
207 254 296
142 281 305
31 175
225 236
177 184
51 187
11 205
4 38 108
98 180
27 40
156 159
265 288
18 259 262
5 89 197
65 182
147 199
30 209
28 225
60 168 214
51 73 196
76 130
188 189
56 236 277
161 181
40 321
51 156
9 112 235
177 231
8 65
238 284
27 167
280 281 303
136 141 287
15 56 135 266
82 83 127 163 186
51 100
27 153
17 117 130
133 305
107 170 188
126 194
293 301
148 253
125 189
216 251
36 76
22 71 102
137 142
173 180
9 133 276
225 264
31 176
65 108
133 217 281
126 318
71 279
145 166 269 276
36 167
145 269 299
47 94
28 130
12 89 106
75 81
82 167
173 174
11 283
25 103 167
56 88
95 158 275
37 38
8 36
218 323
178 186
77 243
78 178
64 115 116
57 161
25 279
135 236 277
177 292
170 195
36 256
15 123 135
215 326
132 179
105 134
141 287 305
276 322
17 18
71 103
145 166 272
37 56 70 135
175 239 261
219 298
55 312
13 88
22 155
141 268
22 75 279
2 153
179 209
45 251
13 293
45 93
150 305 313
11 219
10 276 281
55 98
55 87 247
73 170 171 188
158 168
65 121
317 320
13 226 298
60 70
230 298
17 139
58 206
2 22 279
13 104 226
238 261
177 188
133 235 299
51 52 95
35 249
74 109
65 312
142 205
126 213
173 314
18 258
1 26
203 214
145 172
41 76
29 111 237
56 124
71 75 279
71 80 81
293 316
84 161
132 186
80 120
5 150
83 186
51 173
186 245
173 196
57 77 78
80 153
9 268
228 287
213 248
163 186
72 208
13 47
67 199
118 196
52 95 270
144 293
41 42 85
72 81 194
89 172 281
175 191
122 238
51 173 314
107 108 176
132 181
16 17 76
113 306
39 152
8 48 97
93 154
50 231
114 121
79 220
49 260
41 66
61 114 117
23 275
61 97
271 321
197 313
38 117
112 216 298
137 278
46 228
216 249
64 66
101 220
145 281
77 262
84 216
122 189
104 268 293
163 175
112 216 217
58 209
57 206
150 287
145 269
142 281
142 292
41 48 101
177 188 292
82 227
82 264
151 152
249 262
4 8 108
71 184
59 99
231 275
95 164
271 279
1 174
141 202
8 210
11 161
20 249 259
74 93
202 305
5 197
82 127 186
84 108 176
173 260 314
15 264
161 191 210
254 256 294
9 133 265
56 309
57 324
196 320
57 132
186 233
115 117
141 145
183 189
77 191
91 200
83 114 116
18 288 299
184 199 202
207 287
55 56 286
103 167
290 303
134 218 298
51 190
155 283
71 152
197 243
272 303
54 67
175 193
108 239
12 243
208 256
145 166 258
36 114
9 144 285
80 81 103
172 258
98 189
118 171
75 155 167
6 89 218
28 32 76
73 171
122 218
232 267
276 281
30 57 175
165 169
194 196 274
281 296
71 81
41 91 115
314 320
13 108
25 288
89 217
36 37
138 139 220 221
95 144
7 66 76 108
165 275
8 205
11 133 265
219 229
266 302
217 298
285 293
85 163
183 227
6 105 217
170 188 189
20 218 219
51 72
106 249
37 70
84 139 198
108 261
100 107 174
81 95
146 168
46 212
62 75
20 217
122 186
139 179
78 179
183 194
59 225
61 64 115
105 112
10 280
72 73 126
8 76
161 324
137 292
226 249
238 239
142 172 273
17 32 33
59 170
203 215 234
36 55
6 251
98 183
201 263
119 165
12 217
181 206
16 116
7 48
39 279
236 286
37 126
222 226
24 156
107 108 302
125 195
82 171
18 20 113
258 285
22 173 196
12 222 249
7 92
94 101 107
86 116
90 197 287
212 222
58 98
140 251
78 161 179
91 252
123 266
195 203
117 121 130
19 298
29 237
17 175
178 182
275 314
262 303
154 223
188 317
78 79 178
287 292
169 237
13 229
198 221
30 236
27 75
145 303
216 217
77 161 163
147 184
14 135 312
54 73
59 196
128 164
90 295
19 259
6 249
113 197 216
64 117
35 255
13 108 259
77 209
136 287
13 104
120 157
42 127
106 150
18 296
80 103
67 201
104 298
72 100
140 217
150 235
150 166
64 114 116
131 187
93 314
27 74
18 112
60 231
258 287
64 114 121
117 178
80 81 326
18 222 262
172 314
75 102
104 249
179 220
52 67 231
213 257
256 257
147 263 297
17 231
60 73 184
18 216
172 265
9 122
102 131
175 222
166 301
63 275
7 66
34 35 263
63 71
53 303
134 216 243
52 62 67
52 158
49 184 196
104 230
247 264 266
21 22 27 155
36 117
60 185
95 96
269 272
47 91
242 326
20 104 259
259 262
9 112 228
196 274
31 58 209
41 76 91
59 171 188
49 63 189
35 134
53 75 275
82 245 277
213 214
205 269
135 312
216 306
9 243
241 261
41 179
62 317
29 64 121
21 155
55 237
57 84 220
9 287 305
93 270
25 93
73 201
181 233
186 193
112 197
49 54 180 231
11 280
17 199
18 246
205 258
77 163 181
18 19
219 290
19 197
31 178 206
72 184 320
107 232
73 99
61 85
5 228
77 84
79 175
105 226
39 128
145 272 281
225 261
93 323
57 175 186
107 127
36 42
150 273
24 314
4 48 85
145 174
163 220
178 196
185 288
281 287 305
152 213
13 259 306
179 193
202 285 300
144 205 293
229 251
67 196
189 320
9 58
131 271
71 149 323
170 317
59 98 173
108 126 170
150 290
53 109 242
12 19
203 254 326
67 180
287 303
73 188
55 107
138 184
71 149
263 297
184 187 196
3 4
123 312
94 279
31 209 266
215 296
159 191
92 107 179
100 174 184
16 61 116
205 258 292
10 293
78 309
137 281
29 33
236 277
8 41
77 78 221
61 121
51 317
87 124
73 184
47 80 111 237
278 290
108 127
13 134
73 177 196
45 145
167 216
179 198
256 287
72 314
147 172
8 101
42 76
4 248
74 102
141 172 205 265
142 287 307
299 305
145 272
3 127
145 166 202 269
22 73
88 135
28 115 116
166 305
112 297
10 217
52 271
174 244
61 116 232
188 274
56 225
20 150
136 316
85 286
102 271
112 113 228
82 105
104 276 293
14 245
170 196
145 288 299
103 321
216 259
68 96
126 177 317
112 316
108 179
87 264 286
41 42 92 107
99 201
49 125 180 187
232 245
150 292
114 130
74 152
150 269
105 229
200 207
36 38 121
35 297
227 294 326
16 33
7 42 47
37 56 135
27 323
40 93
141 292
4 92 116
135 247 312
60 228
22 75 323
267 284
28 41 47
42 92
101 210 220
178 206 209
61 115 130
8 92 97
141 205 303
197 219
127 318
77 163 245
149 321
203 257
70 127
126 155
136 142 144
63 125
100 293
11 122
207 234 296
98 201
207 224
105 262
32 117 130
103 183 189
98 118
75 109
258 269 305
8 85
174 183
181 302
257 297
49 184
264 277
142 257
82 87
9 228 299
58 245
105 212
184 297
199 233
132 161
118 183
222 226 262
41 91
4 108 115
85 101 130
77 182
272 291
84 175
110 232
17 237
71 72 81
148 208
108 114
39 269
21 27 72
83 186 277
51 283
167 171
31 175 209
18 87
200 208
104 228
218 219 229
49 100
213 234
75 242
273 301 305
30 83 122
9 134
6 134 218
56 277
9 240
82 122 245
55 239
136 137 281
6 229
44 228
94 97
205 258 265 288 303
65 116
20 104 298
74 151
108 161
29 32 101
73 180
141 172 287
237 238
31 107
88 266
31 181
138 161 198
72 320
166 291
68 156
5 18
28 32 61 130
21 22 271
249 293
123 192
75 125
217 281 298
56 264 286
147 148
219 226
138 259
163 176
47 48 115
54 177
72 103
202 258
34 207
148 311
49 73
95 158 159
113 216 306
262 306
44 45 46
40 71
3 38
27 54
122 163 181
122 218 219
43 232
33 226
110 237
281 293 305
218 219 259
258 299 305
272 285 305
112 272 305
288 292
64 130
143 223
119 173
262 298
172 177
12 112
235 280
18 300
52 201
131 321
272 285 301
58 127 206
172 272 281
31 178 182
276 303
145 166 268 276
69 158 164
41 91 107
3 7 42 47
151 155
5 12 113
145 291
134 219 243
18 226
37 85
141 273 287
53 205
64 65 116
205 297
235 258
171 260
3 42 47
256 296
202 291
16 17
51 146
251 256
24 43
268 280
98 258
22 153 155
100 317
64 127
145 265
28 86
11 142
2 103
11 133
82 110 245 261
30 186 193
9 10 316
36 86
131 279
136 172 276
23 75
70 114 127
5 255
3 4 94
54 180
70 281
31 132 176
113 229
32 85 86
187 189 196
5 20
120 250
29 36 61 114
133 226
60 98 188
22 73 173
121 225
3 28 101
107 114
147 251
192 193
138 302
148 296
95 149 158
101 121
75 149 151
245 252
122 237
87 267
25 152 153
22 102 167
141 202 205
28 117
167 279
6 112 134
258 303
78 184
6 13
48 61
43 213
11 303
49 50 203
74 128
18 104
163 224
86 261
56 61
58 84 191
22 274
61 146
28 85
30 193
55 238
26 321
147 287
226 285
3 76 101
128 271
156 201
102 279
207 248
6 222
9 60
212 249
69 270
85 115 130
258 276
6 18 219
267 277
103 178 209
108 188
150 202
147 326
59 177
105 295
98 317
50 213
25 321
47 107
28 64
105 226 229
83 225
228 248
51 180
47 71 167
47 70
272 307
26 102
74 75
74 275
71 72 196
77 108 178
93 271
261 264
73 75 187
192 284
37 121
93 148
51 184
22 51 173
301 322
9 12
287 305
179 191
9 205 265
65 115
78 271
145 202
102 113
14 15 135 312
49 207
90 105
9 11 112
273 287
58 206 209
118 174
57 78 175
26 167
28 76
5 13 226
43 135
83 286
55 87 225
107 135
80 102
9 305 316
31 182 209
30 58 82
161 309
168 275
9 235 316
9 142
9 281 293
93 149
207 214 326
2 151
142 172 281
71 81 102
13 197
16 76
229 298
79 84
22 167 271
42 121
4 42
81 321
47 76 129
83 124 175
60 201
58 84 220
178 181
37 107
28 61
100 126 177
49 187 196
94 239
259 306
77 163 192
20 226
125 126
18 230
170 171
4 32 130
159 199
12 218
302 324
136 278
49 312
1 154
175 228
305 322
70 186
208 296
7 37 76
72 90
49 72
18 72 87
272 301
11 235 292
226 303
285 300
5 227
4 101
236 284
77 135
120 275
11 288
17 138 139 198
177 180
229 230
35 244 251
30 58 221
67 283
61 171
57 302
49 173
36 85
7 8
134 218 243 298
223 249
182 233
293 296
107 306
108 213
125 199
45 159
60 196
149 323
234 248
29 32
124 245 277
161 178
148 256
30 233
72 317 320
133 142
131 200
147 257 297
25 152 318
68 157
127 163 186
60 194
90 259
71 72 326
24 162 283
218 243
139 241
170 177 187
11 144
200 282
142 291
77 210
75 279
281 298
104 218
103 159
36 92 101
203 207 215 326
263 296
218 219 262
219 243
217 222
132 138
107 286
17 111
56 87
117 132
195 199
144 145 166 276 285
150 280 287
4 86
4 47 92
163 193
227 294
36 94
88 122 239
16 17 70 127
32 33 61
107 246
211 298
128 167
32 38
72 73
33 116
112 303
25 174
141 142 172
178 238
165 226
41 107
17 225
9 299
203 248
143 154
191 324
257 263
107 248
82 88
87 277
188 304
51 281
205 258 288
269 299
179 181
33 85
138 161
10 265
162 169
60 126 317
112 207
18 303
125 188
216 287
93 184
273 301 303
113 262
64 94
246 266
155 279
164 270
111 247
55 56 135
135 237
98 170 177
170 231
148 184
21 102
23 158
15 43
50 184
163 182
110 225 239
11 249
281 292
72 138
265 276
223 257
206 221
100 145
25 99
155 326
269 291
93 107
109 279
17 36 76
229 243
49 75
80 94
266 267
39 154
38 86
164 327
80 81 103 131
56 261
138 179
148 263
25 59
9 277
50 118
38 286
245 246
68 69
9 228
82 186 302
141 287 292
29 94
18 72
98 126 320
64 114
11 287
91 210
127 163 302
82 186 277
72 194
135 245 277
7 33
81 153
185 194
127 186 277
60 171 184
30 58 186
21 27 323
37 94 108
258 268
229 293
77 130
178 191 209
100 187
75 178
60 100
199 257
217 219 224
6 134 229
53 189
84 193 206
122 301
122 289
144 145 166
202 276
60 98 173
178 233
150 207 293
56 241
76 91 92
31 176 178 182
163 186 302
43 245
26 75 153
15 56 266
12 197 249
174 194
72 75
57 163 176
25 318
141 287
128 155
278 301
84 93
28 115 130
6 134
37 76 108
84 256
178 299
47 238
203 213 215
215 322
184 189 196
20 230 243
85 86 101
241 312
273 285
266 312
60 80
214 227
91 116
89 90
35 254
223 297
31 302
65 108 114
75 167
77 271
150 272
59 72
82 252
55 232
31 206
87 232 286
219 259
264 317
32 115 130
80 81
144 272 301
105 243
29 64 65
31 193
77 181
78 289
145 166 276 285
186 221
232 266
14 124 127 135
136 137 278
48 94
169 275
145 251
17 262
247 277
232 241
13 229 249
140 145
3 32 107
159 321
130 135
4 8 42 47
78 161
142 293
22 26 167
218 305
84 118
21 102 167 323
9 239
191 206
51 231
167 318
59 304
281 316
30 176
134 293
11 141
38 77
77 324
130 178
37 41 70
100 173
5 45
61 129
134 150 259
56 286
245 261 267
21 22 39
199 214
84 132 161 191
114 115
268 276 299
18 90
12 13
164 165
173 274
36 233
49 180 231
60 180 184
77 193
46 298
135 239
248 253
49 63
83 163 186
287 292 301
36 108
32 75
12 106
211 251
18 103
49 100 174
268 305
138 266
131 159
104 105 243
204 213
67 89
21 95
119 275
17 138 262
21 22 109
12 219
178 179 181
71 72 80 81
161 193
22 158
63 317
23 176
106 218
87 107
139 259
52 169
263 303
101 111
237 264
20 259
62 73
72 188
245 261 277
57 175
89 211
136 150
4 42 47
311 326
5 211
139 161
105 224
61 107
74 167
171 188
126 320
142 305
28 47
142 265
103 183
104 251
87 111
142 150
31 176 206
141 147
51 53 63
74 299
49 50 187
203 207 326
9 226
47 85
73 188 196
74 153
235 313
123 284
150 258
61 86
183 187
14 232
11 285
161 306
235 298
236 241 286
55 87 246
11 291
215 282
100 189 195
28 76 92
22 155 167
22 26
11 287 292
49 62
136 280 299 303
66 130
265 281
6 138 139
225 267
119 158
100 118
51 119
6 197
140 202 288
17 138 139
55 111 135
58 132 163
6 112 219
36 38 127
92 108
2 22
205 272
258 278
145 166 285
302 326
83 247
77 78 84
27 318
142 268
22 155 323
93 109
263 311
141 272
9 313
137 280
151 167
133 285
51 67
256 310
131 227
166 273 301
84 139
126 170 317
15 225
56 135 245
99 173
199 282
9 235 303
216 262
13 306
281 299
89 134 243
32 56
157 287
84 178
31 206 302
21 22 153
211 218
215 223 310
215 275
272 305
131 194
240 261
5 222
25 271
186 302
5 303
147 285
8 92
36 265
136 166
4 47
242 263
216 288
70 163
208 254
35 148 244
73 118 196
9 172
48 76
13 35
239 266
16 117
100 173 317
28 91
202 235
93 321
15 43 228
12 18 243
3 28
30 84 161
109 271
101 220 221
78 79 220
150 293
166 288
38 97
159 271
58 221
72 253
250 256
112 230
6 216 217
94 103 108
25 188
108 176 178 206
73 171 196
214 248
87 88
48 91
89 218
199 208
60 157
208 215 256
166 280
88 178
51 303
134 228
160 169
124 264
296 297
281 313
176 324
110 264
272 273
207 296
148 297
89 141
28 32 115
215 298
122 277
287 313
232 236 241 312
26 80 128
77 107 127 163
126 174 194
159 184 199
7 115
152 183
161 198
292 301 305
172 299
136 272
57 79
98 184 320
149 158 270
161 182
1 131
125 187
155 261
135 186
83 123
207 257 326
56 127
226 229 293
30 182
71 75 152
99 149
13 78 107 108
54 125
148 174
133 205 258
25 128
44 219
5 104 112
12 202
6 104
124 284
75 102 109
246 286
103 232 312
131 199 227
85 94
98 99 125
55 87 246 286
44 224
63 173
71 131
28 42
304 323
25 155
126 187
76 121
215 227
212 226
228 230
82 122 135
14 266
68 223
176 186
207 282
189 274
1 321
149 318
71 128
100 189
225 245
9 23
91 178
90 226
154 171
24 252
147 234
78 84 163
73 160
58 175
43 56
217 302
41 303
191 220
28 48
101 316
28 179
36 38
48 66
50 271
106 134
174 177 187
205 268
287 299
12 20
144 291
91 115
60 62 125
263 265
134 230
72 73 174
144 313
89 216 228
61 117
31 132 221
107 116
13 55
2 22 155
136 258 280 299
185 274
231 263
88 240
140 305
103 189
198 236
158 243
141 172 305
149 153
142 316
17 121 225
81 169
258 301
158 164 270
3 48 92
207 215 227
11 305
6 216 222
75 274
244 287
61 64 114
14 312
26 271
49 59 118
211 306
9 166
133 235
134 218 219 243
83 163
39 71
2 167
71 326
90 218
141 172 265
170 189
52 67
116 245
22 164
211 222 249
32 33 65
50 59 73
141 307
119 156
144 292
18 295
37 70 186
53 242
181 221
135 277
234 283
107 121
5 262
78 79 132
85 114
268 276 285
173 189
88 199
22 152 323
171 247
58 186
17 198
162 168
90 219
181 266
93 152
53 118
214 282 311
5 216 259
80 81 128
9 265 288
7 41
42 47 108
8 37 70
31 206 209
118 126 194
166 273
141 287 301
52 250
263 323
126 177 188
21 22 25
239 267
36 41
77 132 179
4 115
251 262
203 234
171 235
62 195
122 232 236
143 156
32 65
133 281
205 280
28 48 76
35 147 285
50 196
235 269 303
219 293
56 82
152 271
202 303
138 161 191
158 162 169
58 138
98 174 317
136 145 272
258 305
145 305
96 275
141 144 265
117 130
46 112
150 316
2 21
243 259
205 276 303
39 93
59 195
30 139
22 103 153 167
199 256 296
145 299
16 115
163 210
149 155
38 130
91 92
212 250
6 112 216 217
89 112 217
16 238
265 291 292
226 295
52 168
18 24
172 205 265 299
56 57
166 268
285 288
9 136 303
14 135
81 323
15 135 247
107 130
106 216
43 312
220 312
41 61 91
31 94
148 215
217 290 298
22 159
127 163 186 302
113 303
35 244 285
18 222 259
7 94 122
273 276
194 323
166 278
23 235
9 316
131 184
272 281
299 315
35 310
150 276
4 42 47 85
73 144
93 155
111 186 277
46 211
6 262
200 215
48 127
77 79
55 277
140 287
122 124
98 177
136 137
145 297
88 232
280 287
25 149 167
11 113
107 108 177
63 280
207 213 223
46 147
38 61 130
60 188
22 27 72 155
178 198
144 272 281
161 321
28 32 121
209 233
108 264
100 107 126
112 113 216
26 75
217 226 290
106 134 197
207 212
31 176 178
268 269
194 195
40 74
96 323
45 219
72 146
280 300
280 288
142 167
15 135
25 169
17 91
122 210 221
82 245
144 172
216 222
5 89 106
166 269 292
49 164
72 201
8 76 101
50 187
33 61
291 293 299
6 217 222
141 144
9 142 305
16 29 86
28 115
87 266
124 238
146 162
152 249
69 168
56 135
5 226
49 98
174 201
229 262
281 301
84 186
104 285
76 85 92
146 160
265 285
5 90
65 264 312
28 29 92
98 126 317
8 28
134 303
144 145 166 281
29 111 277
8 91
12 18
168 169
211 226
65 94
175 176 186
158 327
9 176
9 84
71 128 167
215 234
26 75 151
97 117
52 103
291 303
163 186 277
79 101
133 281 299
79 169
182 191
91 130
11 235 293
19 90
87 247 266
11 122 235
175 176 193
218 235
57 191
113 217
213 296 326
18 112 218 219
196 205
17 61
7 32
8 66
166 202
138 221
85 129
49 190
258 269
105 219
127 209
5 112 259
183 195
77 84 163
157 158
139 263
21 93
22 71
41 48
78 79
278 287
78 186
172 205 299
132 209
104 216
62 103
261 277
17 18 262
299 301 305
103 196
100 126
281 285
64 65 114
149 171
95 327
172 258 265 288
2 22 321
21 22 323
28 107
55 72
18 20 150
203 215 227
285 299
61 114 116
25 27
149 152 167
188 202
159 269
215 255
82 225
23 156
34 282
41 76 97
61 65 116
1 279
83 266
136 285
32 33 114
177 256
81 191
254 294
55 266
58 77 127 163
61 64 65 114
4 85 130
5 6 217
83 135
22 321
147 215
4 85 108
141 205 265
14 56 124
107 132
51 131
91 101 115
74 171
305 313
157 275
111 237 277
214 263
126 177
136 299
16 61 121
133 258
66 101
61 264
145 269 305
301 305 322
38 179
16 29
207 308
293 303
70 127 175
21 159
268 300
60 158
209 225
295 298
25 103
85 91
8 61 94
265 287
6 89 134 230
76 92 107
84 220 221
81 103 131
21 22 49 128
205 258 280
134 219
147 254
141 258 265
57 84 221
169 313
38 256
32 161 191
155 321
31 178
5 90 134
148 203
94 122
228 295
55 108
105 134 243
17 222
9 11 235
222 236
17 121
54 180 187
56 82 277
115 121
88 241
62 100
118 275
268 288
83 127 186
149 152 189
230 259
194 231
26 33
75 128
139 198
217 243
212 230
80 109
108 174
176 178 209
73 126
134 219 298
22 40 71 167
31 163 192
98 174
124 247
47 48
67 69
199 203
90 249
33 48
100 174 177
186 194
204 208
150 217 298
24 52
251 298
138 233
126 170 188
29 114
13 214
5 106 197
15 56
33 65
9 292
53 265
78 84
64 302
73 98 171
82 241
150 265
273 278
210 220
7 37 66
14 186
65 115 116
229 295 298
150 217 293
59 260
49 170 171
30 122 193
137 144
172 273
41 85
56 284
134 224
94 116
292 313
30 181
125 183
225 252
27 109 323
62 320
128 152
218 219 224
57 127 175
53 100
1 22 171 321
11 322
101 117
133 150
25 102
82 122 284
62 125
12 224
27 68
73 160 196
123 239
184 244 297
205 323
43 310
60 168
172 280
156 183
17 29
85 210
265 278
88 245
82 237
38 107
29 277
162 164
7 28 76
136 144 305
11 239
144 150
75 318
76 108
32 211
215 257
58 210
107 174 188
194 201
55 92
43 267
134 192
11 70
73 125
108 191 302
58 77 163 245
33 61 64 130
58 132
221 225
38 94 108
251 295
103 252
184 285
14 124 135 175
46 218
29 111 252 277
144 301 305
144 205
84 210
33 37
55 246 247
173 304
2 222
64 83
272 288 299
78 79 192
63 75
42 297
98 173
22 93
30 84 191
87 247 264
59 60 125
31 58
9 141 316
2 75 279
171 194
88 122
27 189
43 123
272 278
13 218
45 90 134
57 138
113 167 216
59 126 177
127 292
214 255
107 108 206
53 63
4 8 48 115
83 127 163 186
36 38 181
1 271
49 73 170
84 132 161
72 155 167
210 263
35 204
222 262
148 302
7 76 85
177 187 317
32 33 115
13 106
109 128
142 300 305
85 101 107
30 83
20 298
75 102 151
282 310 311
93 218
28 92 101
22 109
49 126 317
30 82
73 183
164 275
134 298
16 33 65
218 293
152 154
104 112 243
178 209
53 126
33 115
14 15 43
98 126
6 105
4 31
134 306
77 237
31 178 182 209
149 152 155
144 272 280
138 139 161
21 22 187
139 178
176 233
4 47 94
2 71
71 173
49 171 187
58 77 175
88 238
83 175 302
135 225 286
174 188
81 271
177 185
278 285
2 152
173 320
196 287
245 277
49 69
101 127
131 153
162 283
9 112 113
32 38 121
17 55 92
45 212
73 171 173
12 229 243
112 217
31 176 182 209
145 290
187 188
17 300
148 326
48 85
17 79
4 48 115
133 276
178 179 191
25 153 167
49 125
164 319
74 75 151
142 293 305
111 284
203 215
42 47 48
32 33 76
41 114
69 95
187 231
84 138
32 94
263 326
9 133 258
75 152
205 303 305
176 193
239 250
178 303
148 204
30 122
81 107
104 293
141 265 287
223 254
76 114
22 73 196
112 305
22 52
278 280
55 135 225
22 71 167
207 254
10 281
77 78 163
75 151
92 107
181 192 309
135 191
4 47 108
38 116
78 220
26 75 128
142 281 293
132 191
249 259
89 113
112 285
254 296
8 48 108
54 75
148 282
36 116
102 151
73 170 188
21 22 27 323
2 81
145 323
241 277
166 323
183 274
60 113
98 159
5 13
130 302
18 229
18 55
144 273 305
166 285
36 115
11 36 38
9 11 205
195 201
79 122
64 115 176 302
89 268
60 180
111 245 277
159 297
25 102 167
155 271
5 12 106
24 162
231 242
41 47 97
55 82 246
98 125
118 260
5 112 197
102 153
170 177 317
147 257
133 280
63 170
97 121
288 315
104 152
109 169
152 167 169
77 107 163
76 129
4 17
217 228
37 66
166 268 269
12 89 197 243
82 267
126 184
18 218 219
52 62 67 231
14 43
101 210 221
268 290
126 185 317
213 308
159 202
4 206
28 38
113 134 259
62 177
42 97 101
21 318
107 188
28 37
258 291
4 16
191 302
9 11 235 316
221 302
133 172
104 268
69 72
16 47 107
87 246
258 265 288 303
18 72 246
72 80 152
144 166 269
93 249
4 37
83 122
93 168
48 97
148 199
3 42 101
142 287 305
220 237
91 92 101
167 252
215 310
75 319
21 153 155
49 60 118
22 128
109 167
103 141
80 128
40 143
273 301
225 232
118 177
172 303
89 134 230
3 76
1 74 152
6 216
11 268
83 175
124 312
166 258 280
17 61 65
171 183
188 260
81 131
205 281
226 293
161 179 191
72 184
9 142 316
291 305
225 239
250 255
64 115
172 268 305
202 268 276
51 52 119 159
22 149
183 201
80 279
157 169
124 186 277
104 149
150 222
107 108 130
87 135 286
13 89
265 322
5 217
34 254
99 162
21 71 81 128
60 75
44 134
10 11 292
5 6
243 293
229 295
77 266
149 270
86 121
174 184 188
184 317
67 314
159 320
215 311
217 269
28 29 32
136 313
57 139
229 243 249
91 114
18 113 217
14 87 225 266
38 121
213 326
63 189
82 312
172 290
108 116
73 232
264 286
205 316
11 313
64 75
51 169
277 302
94 225
108 178 209
13 113
36 107
20 78
149 152 323
77 163 175
103 292
258 265
142 301
58 206 209 302
51 52 95 270
86 91
4 94
270 275
11 235 313
186 198
63 98 173
205 290
144 278
224 228
161 210
223 234 256
77 175
140 150
245 267
242 255
192 238
27 151
42 47
141 272 305
37 88 239
4 28
18 243
35 147 297
80 164
89 142 172 268
32 85 101
205 300
33 107
60 184 196 201
61 302
85 121
65 76
94 101
203 254
51 245
58 77 277
12 105 106
55 72 246
202 269
15 135 312
16 86
41 76 85
38 233
104 186
105 229 249
53 194
175 206
59 126 170
52 119
71 81 326
9 25
147 148 297
140 145 166
90 326
31 179
13 226 262
42 121 130
47 111 237
82 163 186 277
113 216 228 306
36 127
21 155 167
142 145
21 279
108 178 286
113 219
105 249
290 299
144 300
2 318
86 312
64 65
138 321
159 318
36 290
61 64
29 115
76 204
55 261
97 114
78 232
5 217 222
2 279
9 75
57 127
133 205
197 259
21 169
207 251
110 241
175 312
21 243
138 163
27 102
149 152
186 192
107 179
3 7
85 91 101
82 284
15 124
18 46
8 29
194 317
108 239 261
26 39 93
144 281
76 107
206 324
265 268 276
22 167
43 261
125 174
7 8 76
232 264
7 85 92
21 22 159
21 25
294 326
53 275
265 292
147 200
84 161 191
88 176
112 306
20 262
5 89 230
49 223
109 151
97 129
202 268
191 233
161 220
150 280
72 81 169
14 124
172 202 281
85 101 115 130
142 303
146 275
60 62 183
17 36 65
88 225
138 222
138 220 221
87 241
135 239 277
100 170 174
249 303
57 58
22 27 318
170 188
134 197
1 128
65 264
60 272
122 163 192
35 296
145 166 292
60 171
185 189
200 296
47 64
142 280
30 132
29 64 86 121
80 111
57 84 206
111 186 245 277
31 108
255 272
321 323
33 61 232
8 94
17 138 184
48 94 115
20 226 249
180 187
86 114
88 108 176 178
17 31
83 312
26 39
250 296
28 32 86
45 216
71 93
71 318
9 265 299
94 115
96 165
81 102 271
76 179
167 178
73 274
223 248 326
18 60
114 129
9 112 316
229 249
122 263
299 307
141 142 281
194 196
269 272 273
37 56
66 92 108
72 207 256
167 182
265 321
95 305
49 95
198 236 286
90 104
286 301
127 206 302
120 270
57 84 161
28 86 101
58 127
159 165
18 156
147 242
101 115
87 245
109 318
9 288
41 101 108
66 76 108
64 70
55 88 286
123 135 284
27 81
13 18 262
33 64 65
37 186
170 177
293 303 305
87 246 286
135 186 277
3 32 38
232 286
214 251
177 187
180 187 231
77 84 191
291 307
27 231
32 85 115 130
78 243
235 281
92 116
227 263
223 244
179 210
199 213
41 92
9 202 291
186 266
75 160
176 178 302
202 292 300
37 114
17 64 121
169 213
29 86 115
32 207
141 293
172 287 305
4 32 115
31 239 302
12 13 106
222 306
52 231
186 213
299 300
156 169
82 247
3 48
280 281
91 117
163 266
77 178
18 20 105
63 75 125
273 285 301
20 239
66 114
9 273
25 271 318
72 177
47 66
150 226
100 288
38 64
32 61 130
13 230
51 262
77 107 126
112 298
268 319
87 246 247
55 60
116 302
72 173
43 56 135
37 70 135
52 120
23 75 275
136 272 285
203 213
142 199
104 150
8 42 47 91
99 184
291 301
71 263
28 32 85 115
134 216 306
36 91
176 178 206
136 268
57 58 220
8 92 116
232 247
5 306
279 321
147 297 326
88 110
177 267
16 17 64
124 181
111 286
89 113 134
112 192
34 242
140 268
270 314
22 81 128
141 305
136 272 305
162 177 188
54 174
142 178 287
17 92 107
105 216
11 172 293
92 108 114
77 108
71 153
83 100
142 202
161 221
45 90
43 186 277
213 242
26 155 167
214 223
107 259 306
291 300
73 177
33 121
215 242
13 112 259
242 296
136 144
175 176 179
115 176
249 296
140 295
253 294
21 131
22 72 155
107 221
9 126 316
25 102 103
213 215
29 86 101
75 223
60 184 201
49 133
38 72
60 148
89 105
22 102 153
199 207 256
63 98 189
281 287
111 135 236
108 115
46 90
98 174 177
42 108
82 302
4 65
185 320
244 255
10 272
108 114 127
131 155
106 230
56 135 284
85 108
231 272
16 17 65
100 170
103 318
22 141
29 65
34 253
8 48 115
252 264
281 322
18 19 20
141 172 265 301
60 149
278 305
30 58
85 115
14 15 135
32 115 116
113 298
207 249 296
181 233 287
187 195 201
135 186 245
292 303
176 206 209
216 281
30 127
196 317
136 142 172
7 70
202 281
144 305
108 178 206
41 101
4 85
69 95 158
211 222
108 302
248 250
178 206 302
26 223
181 186
296 326
28 29 85
8 61 70
60 184 187
124 325
1 2 22
110 286
73 174
74 75 149
108 178
51 260
166 276
6 203
248 287
75 151 155
272 280 305
17 117
61 65 115
237 239
110 284
99 317
127 135
192 233
18 228
47 107 111 237
76 85 91
49 180
81 152
13 103
172 265 287
83 249
8 37
43 135 312
175 181 206
3 107
142 172 313
85 130
98 184
53 54 231
146 154
7 76 94
32 114
31 103
144 269 285
70 205
66 112
70 122
205 285
78 302
17 29 127
5 12 105
123 261
11 61
7 108
58 163
7 66 97
189 205
216 230
70 117
245 286
87 94
23 24
87 237
53 250
81 163
50 60
157 196
226 290
58 127 302
133 205 269
144 145 166 268
114 124
86 101
241 266
30 175
172 287
170 194
236 241 264 312
207 255 256
22 164 194 304
9 303 316
236 261
11 292
25 40 93
8 48 85
161 286
61 312
86 161
75 155
102 323
124 266
94 186
142 145 166 305
99 174
203 310
19 249
20 251
49 195
28 32 115 116
100 126 170 174
43 132
106 243
159 199 202
29 121
64 116
227 326
205 268 285
4 7
113 197 249
4 47 48
218 259
184 202 205
61 97 108
31 209
17 192
108 126
152 153
133 292
196 275
32 33 61 114
202 205 258 265
55 135
144 316
145 166 202
65 117
4 66
108 178 302
134 212 229
215 253
69 275
150 218
90 287
29 148
31 176 182
94 114
73 80
28 29 76 85 92
30 179
198 236 241
96 200
138 139 321
129 143
82 122 186
256 294
171 184
58 77
25 152 167
169 195
126 170
58 198
51 247
203 208
84 135 161
145 287 291
202 205
188 201
78 170
35 147 326
144 272 305
36 231
115 117 121
215 294
38 91
62 183
45 139
22 72
24 173
1 80
75 149
41 85 101
142 326
177 194
149 151
202 280
63 201
105 297
82 263
203 204 256
258 292 305
12 112 243
89 197
72 260 314
167 188
216 228
218 303
234 326
280 305
26 279
16 64
22 81
197 222
209 302
87 261
232 241 264 312
113 230
101 138
128 153
54 231
107 108 126 177
161 175
14 124 127
32 33
72 99 174
126 170 177 188
265 291
64 108
106 113
79 309
239 240
137 301
184 187
232 236 312
71 102 167
126 195
32 101
88 176 239
77 221
163 179
144 145 299
65 101
148 308
126 188
47 121
272 290
33 122
18 44
51 159 314
126 188 317
13 47 117
234 294
59 188
85 116
90 134
47 80 237
134 218 219 298
205 310
287 291
20 104 217
203 208 263
182 209
141 258
145 166 268 269 276
170 326
27 128 318
67 68 231
72 213 326
49 158 168 187
140 202
144 145
138 139
235 312
7 28 85
298 299
285 292 301
205 265
152 164
35 244
32 85 115
255 287
268 272
58 77 178
12 295
11 133 258
252 266
119 270
140 265 290
202 272
53 183
170 201
242 253
5 105
17 178
22 27 279
55 87
60 100 174
24 96
218 249
17 42 47
58 82 193
32 116
149 189
72 213
210 250
75 149 152
203 242
38 115
293 298
55 246 286
161 192
203 215 326
28 29 41 76
84 267
126 219
44 45
256 312
49 185
118 189
245 261 267 277
26 68
26 323
118 170 196
60 193
185 196
172 313
265 288 303
41 76 107
32 61
251 259
88 286
22 103
82 186
99 100
13 226 259
58 161
170 188 317
223 248
111 236 277
205 313
90 197
145 280
27 74 149
205 301
223 254 296
156 283
5 287
122 193
74 103
105 134 229
9 249
98 177 188
218 219 243
122 266
92 101 107
21 71
184 268
247 266
49 60 184
173 317
177 188 317
8 92 108
89 216
16 66
17 84 220
9 144
178 181 182
64 176
133 299 303
104 112 134
116 127
202 258 288
20 211
28 114
78 210
60 72
71 81 153
115 125
57 77 84
41 66 76
136 281
12 89
63 98 174
82 127
77 176
28 37 85
24 275
72 195
13 78 108
81 279
172 287 316
28 29 76
71 80
19 262
6 218
4 121
19 134
260 314
122 127
151 157
75 303
152 294
299 303
11 269
72 128
134 243
128 279
172 293
30 98
31 79
185 231
255 326
197 230
29 61 86
49 302
118 170
22 169
78 101 210
125 215
207 227
69 131
42 86
243 295
31 77 163
75 263
99 188
66 161
35 253
122 239
14 124 175
84 302
37 191
276 305
34 227
122 184
241 286
245 261
47 48 97
152 159
118 185
16 65
10 145
145 166 305
176 178 182
37 65
49 158
145 268 276
59 184
280 315
45 249
101 161
63 184
113 226
217 287
170 171 188
82 127 186 302
41 92 107
141 144 205
175 179
79 108
187 314
86 94
30 77 138
140 265
32 33 64 115
30 186
114 127
235 293
280 299
101 163
106 306
292 301
59 126
22 27 155
138 175
24 119
21 128 271
205 299
38 121 130
26 74 75
30 58 82 193
147 244 297
262 290
72 73 196
269 288 299
173 196 260 314
223 326
24 327
27 275
152 155
37 175
97 111
48 107
49 170 196
5 104 230
134 259
13 18 229
84 94
269 305
172 268
60 320
51 201
17 36
141 172 202
202 287
60 173
53 65
73 160 170
58 179
44 229
113 249
221 309
43 94
151 275
35 282
175 302
6 112 298
172 292
219 224 243
45 295
177 188 189
172 281
209 230
51 75
46 89 249
175 209
17 115
110 111
141 172 265 287
232 236 241 264
90 243
79 138
244 285
20 45
202 292
21 22 155
87 123 266
161 223
51 158
32 61 115
6 178
174 195
115 117 130
45 60
56 124 135
281 290
218 226
2 171
219 243 259
103 209
133 293
199 321
110 236 264
119 164
95 149 152
66 316
37 70 83
68 164
112 249
72 73 188
104 112
136 301
122 245
272 273 285
11 74
25 26 93
83 302
95 270
37 122 127
39 40 93
51 59
87 264
77 122
163 205
78 79 84
231 271
212 229 243
9 269
49 317
113 197
20 224
15 122
72 279
93 95
150 172 293
59 98
26 131
287 306
215 248
72 167
23 283
47 80 111
49 244
144 269 299
99 126
217 272
87 232
147 244 251
36 48
58 77 127
2 27 318
83 245
9 10
273 292
66 88
57 220
147 159 285
208 297
36 181 220
35 214
65 174
44 243
158 283
140 290
13 217
15 78
58 161 220
1 103
12 259
224 281
54 74
148 161
105 197
235 268
112 113 134
165 314
13 92
32 85
76 91
218 263
19 89 134 249
77 163 175 186
30 161
74 155
49 60
197 249
159 233
11 118
107 247
33 115 116
59 60 195
21 22 95
25 153 271
75 323
191 198
217 305
184 227
1 25
112 134 218
202 285
77 163 179
33 61 114
228 249
172 285
89 226
8 66 108
271 323
75 151 279
59 118 184
25 167
63 187
145 268 269
136 280 305
9 178
163 192
16 108
72 87
28 41 76
118 217
35 144
4 8 42
35 213
217 290
22 74
19 106
65 97
64 107
133 175
153 167 202
105 280
72 326
290 301
145 287
49 118 196
140 269
94 108 115
33 127
159 254
84 130
206 239
112 272 301 305
203 207 208
140 280
190 202
32 130
145 288
174 187
27 152
18 112 113
146 159
68 146
107 177 188
165 327
100 126 174 177
11 205 258 303
60 126
84 258
121 237
212 243
272 311
89 230
60 177
106 259
214 310
77 107 127
28 41 76 85
60 159
249 287
28 302
78 193
184 189
7 94
77 298
158 169
81 158
138 148
184 214
279 323
214 250 311
141 281
5 36
49 118 195
57 176
136 280
11 276
126 173
35 147 244 285
82 266
59 118
56 135 247
77 101
114 149
80 81 102 103
217 303
61 94 114
